9 0.064062 0.100239 0.096875 0.169228
9 0.080208 0.155022 0.129167 0.278795
9 0.096354 0.197329 0.161458 0.363409
9 0.128646 0.305958 0.161458 0.478229
2 0.225521 0.471715 0.096875 0.190616
1 0.403125 0.630155 0.064583 0.208439
6 0.435417 0.607173 0.064583 0.254405
8 0.483854 0.532033 0.096875 0.391551
0 0.564583 0.299860 0.064583 0.339957
8 0.613021 0.247797 0.096875 0.393052
8 0.629167 0.247797 0.129167 0.393052
3 0.677604 0.232132 0.096875 0.346336
2 0.742188 0.287478 0.096875 0.237144
9 0.935937 0.203614 0.096875 0.335830
