5 0.096354 0.114308 0.032292 0.197367
9 0.160938 0.191134 0.096875 0.144971
9 0.177083 0.238065 0.129167 0.238833
9 0.193229 0.274308 0.161458 0.311319
9 0.225521 0.367366 0.161458 0.409681
2 0.322396 0.509364 0.096875 0.163294
1 0.500000 0.645094 0.064583 0.178562
6 0.532292 0.625405 0.064583 0.217939
8 0.580729 0.561036 0.096875 0.335427
0 0.661458 0.362142 0.064583 0.291229
8 0.709896 0.317542 0.096875 0.336713
8 0.726042 0.317542 0.129167 0.336713
3 0.774479 0.304121 0.096875 0.296693
2 0.839063 0.351535 0.096875 0.203153
