4 0.064062 0.663504 0.032292 0.100630
8 0.064062 0.572674 0.096875 0.323402
8 0.080208 0.545784 0.129167 0.377182
5 0.160938 0.159877 0.032292 0.288504
8 0.096354 0.375000 0.161458 0.718750
8 0.128646 0.364722 0.161458 0.698194
3 0.193229 0.159877 0.096875 0.288504
7 0.209375 0.228477 0.064583 0.147479
2 0.257812 0.306878 0.096875 0.293284
9 0.354687 0.264451 0.096875 0.272011
9 0.370833 0.303890 0.129167 0.350890
8 0.483854 0.382410 0.096875 0.222533
0 0.661458 0.389222 0.064583 0.159669
9 0.742188 0.413244 0.096875 0.234962
9 0.758333 0.429856 0.129167 0.268187
0 0.919792 0.590362 0.064583 0.130269
