1 0.144792 0.112153 0.064583 0.193057
0 0.338542 0.394034 0.064583 0.212996
6 0.435417 0.601592 0.064583 0.205745
6 0.467708 0.611562 0.064583 0.193057
1 0.500000 0.603858 0.064583 0.261034
3 0.483854 0.603858 0.096875 0.261034
0 0.532292 0.545397 0.064583 0.377956
0 0.596875 0.302944 0.064583 0.233843
1 0.629167 0.257625 0.064583 0.311791
9 0.677604 0.291614 0.096875 0.379768
9 0.693750 0.318352 0.129167 0.433244
9 0.709896 0.338292 0.161458 0.473124
9 0.742188 0.469715 0.161458 0.342607
0 0.822917 0.584371 0.064583 0.153176
8 0.871354 0.534974 0.096875 0.251970
0 0.952083 0.421678 0.064583 0.108764
