9 0.064062 0.236669 0.096875 0.290923
9 0.080208 0.236669 0.129167 0.290923
9 0.096354 0.240947 0.161458 0.299479
0 0.177083 0.289078 0.064583 0.203218
8 0.225521 0.178199 0.096875 0.309462
9 0.322396 0.272678 0.096875 0.514106
9 0.338542 0.278026 0.129167 0.524801
9 0.354687 0.375000 0.161458 0.718750
6 0.564583 0.516540 0.064583 0.126209
9 0.677604 0.404948 0.096875 0.299479
9 0.693750 0.451296 0.129167 0.392175
0 0.758333 0.542566 0.064583 0.235305
0 0.855208 0.320452 0.064583 0.216053
0 0.952083 0.207434 0.064583 0.211061
5 0.968229 0.178199 0.032292 0.152592
