9 0.160938 0.681354 0.096875 0.087748
0 0.209375 0.713709 0.064583 0.029475
0 0.273958 0.692280 0.064583 0.041841
8 0.322396 0.669496 0.096875 0.087409
6 0.370833 0.645526 0.064583 0.039469
8 0.338542 0.669496 0.129167 0.087409
8 0.354687 0.638581 0.161458 0.149238
3 0.451562 0.605634 0.096875 0.083343
2 0.516146 0.604702 0.096875 0.055054
8 0.548438 0.572262 0.096875 0.119933
8 0.564583 0.534318 0.129167 0.195823
8 0.580729 0.534318 0.161458 0.195823
8 0.613021 0.458174 0.161458 0.324733
8 0.645312 0.424464 0.161458 0.333542
5 0.742188 0.117856 0.032292 0.204462
8 0.677604 0.270313 0.161458 0.509376
8 0.709896 0.263029 0.161458 0.494808
3 0.774479 0.117856 0.096875 0.204462
7 0.790625 0.166473 0.064583 0.104518
2 0.839063 0.222035 0.096875 0.207850
9 0.935937 0.191967 0.096875 0.192773
