7 0.047917 0.283245 0.064583 0.274247
3 0.128646 0.213409 0.096875 0.395567
7 0.144792 0.169570 0.064583 0.265071
9 0.160938 0.191999 0.096875 0.309929
9 0.177083 0.243994 0.129167 0.413919
9 0.193229 0.383666 0.161458 0.693263
9 0.225521 0.383666 0.161458 0.693263
9 0.257812 0.494282 0.161458 0.472030
2 0.354687 0.568706 0.096875 0.147828
8 0.386979 0.572784 0.096875 0.139672
1 0.435417 0.573803 0.064583 0.141711
3 0.419271 0.573803 0.096875 0.141711
6 0.467708 0.595723 0.064583 0.097872
0 0.500000 0.604898 0.064583 0.073404
2 0.483854 0.595723 0.096875 0.097872
1 0.532292 0.617132 0.064583 0.097872
0 0.596875 0.685439 0.064583 0.097872
6 0.629167 0.685439 0.064583 0.097872
8 0.645312 0.681871 0.096875 0.105009
8 0.661458 0.676263 0.129167 0.116223
8 0.677604 0.642620 0.161458 0.183511
6 0.758333 0.554942 0.064583 0.159043
8 0.709896 0.604388 0.161458 0.257934
8 0.742188 0.574313 0.161458 0.242642
8 0.774479 0.562589 0.161458 0.219193
8 0.806771 0.473892 0.161458 0.321144
3 0.903646 0.369393 0.096875 0.340514
