3 0.064062 0.268879 0.096875 0.328103
8 0.160938 0.312968 0.096875 0.367065
6 0.338542 0.617488 0.064583 0.141494
8 0.483854 0.340652 0.096875 0.383470
7 0.532292 0.284772 0.064583 0.275811
3 0.613021 0.214537 0.096875 0.397824
7 0.629167 0.170448 0.064583 0.266583
9 0.645312 0.193005 0.096875 0.311698
9 0.661458 0.245297 0.129167 0.416280
9 0.677604 0.385766 0.161458 0.697218
9 0.709896 0.385766 0.161458 0.697218
9 0.742188 0.497013 0.161458 0.474724
2 0.839063 0.571862 0.096875 0.148672
8 0.871354 0.575963 0.096875 0.140469
1 0.919792 0.576988 0.064583 0.142520
3 0.903646 0.576988 0.096875 0.142520
6 0.952083 0.599033 0.064583 0.098431
