6 0.144792 0.614074 0.064583 0.140691
8 0.290104 0.338808 0.096875 0.381294
7 0.338542 0.283245 0.064583 0.274247
3 0.419271 0.213409 0.096875 0.395567
7 0.435417 0.169570 0.064583 0.265071
9 0.451562 0.191999 0.096875 0.309929
9 0.467708 0.243994 0.129167 0.413919
9 0.483854 0.383666 0.161458 0.693263
9 0.516146 0.383666 0.161458 0.693263
9 0.548438 0.494282 0.161458 0.472030
2 0.645312 0.568706 0.096875 0.147828
8 0.677604 0.572784 0.096875 0.139672
1 0.726042 0.573803 0.064583 0.141711
3 0.709896 0.573803 0.096875 0.141711
6 0.758333 0.595723 0.064583 0.097872
0 0.790625 0.604898 0.064583 0.073404
2 0.774479 0.595723 0.096875 0.097872
1 0.822917 0.617132 0.064583 0.097872
0 0.887500 0.685439 0.064583 0.097872
6 0.919792 0.685439 0.064583 0.097872
8 0.935937 0.681871 0.096875 0.105009
