8 0.064062 0.664475 0.096875 0.139801
8 0.080208 0.620244 0.129167 0.228262
4 0.160938 0.550837 0.032292 0.083130
8 0.096354 0.620244 0.161458 0.228262
8 0.128646 0.531486 0.161458 0.378528
8 0.160938 0.492192 0.161458 0.388796
5 0.257812 0.134791 0.032292 0.238333
8 0.193229 0.312504 0.161458 0.593759
8 0.225521 0.304014 0.161458 0.576777
3 0.290104 0.134791 0.096875 0.238333
7 0.306250 0.191462 0.064583 0.121832
2 0.354687 0.256228 0.096875 0.242282
9 0.451562 0.221180 0.096875 0.224708
9 0.467708 0.253760 0.129167 0.289870
8 0.580729 0.318625 0.096875 0.183834
0 0.758333 0.324253 0.064583 0.131902
9 0.839063 0.344098 0.096875 0.194102
9 0.855208 0.357821 0.129167 0.221549
