8 0.160938 0.398628 0.096875 0.514482
8 0.177083 0.375762 0.129167 0.560213
8 0.193229 0.364329 0.161458 0.583079
1 0.273958 0.173399 0.064583 0.275914
0 0.338542 0.210747 0.064583 0.285061
2 0.322396 0.194360 0.096875 0.317835
3 0.386979 0.190168 0.096875 0.349085
9 0.419271 0.219893 0.096875 0.408537
9 0.435417 0.219893 0.129167 0.408537
9 0.451562 0.274009 0.161458 0.516768
9 0.483854 0.371570 0.161458 0.410061
0 0.564583 0.495427 0.064583 0.162348
2 0.645312 0.365473 0.096875 0.257622
9 0.839063 0.299162 0.096875 0.310976
9 0.855208 0.299162 0.129167 0.310976
9 0.871354 0.303735 0.161458 0.320122
0 0.952083 0.355183 0.064583 0.217225
