0 0.047917 0.341392 0.064583 0.277518
0 0.112500 0.163368 0.064583 0.171701
1 0.144792 0.130093 0.064583 0.228935
9 0.193229 0.155049 0.096875 0.278848
9 0.209375 0.174682 0.129167 0.318113
9 0.225521 0.189323 0.161458 0.347396
9 0.257812 0.285822 0.161458 0.251563
0 0.338542 0.370009 0.064583 0.112471
8 0.386979 0.333738 0.096875 0.185012
0 0.467708 0.250550 0.064583 0.079861
2 0.548438 0.263194 0.096875 0.167708
8 0.580729 0.284491 0.096875 0.125116
3 0.613021 0.301461 0.096875 0.159057
9 0.677604 0.380324 0.096875 0.262211
1 0.790625 0.486140 0.064583 0.107813
9 0.839063 0.554687 0.096875 0.244907
