0 0.047917 0.187588 0.064583 0.251227
3 0.096354 0.169451 0.096875 0.307652
9 0.128646 0.195648 0.096875 0.360047
9 0.144792 0.195648 0.129167 0.360047
9 0.160938 0.243341 0.161458 0.455432
9 0.193229 0.329323 0.161458 0.361390
0 0.273958 0.438478 0.064583 0.143078
2 0.354687 0.323949 0.096875 0.227044
9 0.548438 0.265508 0.096875 0.274065
9 0.564583 0.265508 0.129167 0.274065
9 0.580729 0.269539 0.161458 0.282126
0 0.661458 0.314880 0.064583 0.191443
8 0.709896 0.210427 0.096875 0.291530
9 0.806771 0.299431 0.096875 0.484316
9 0.822917 0.304469 0.129167 0.494392
9 0.839063 0.395824 0.161458 0.677103
