0 0.080208 0.441768 0.064583 0.133536
8 0.128646 0.368909 0.096875 0.203349
9 0.225521 0.430991 0.096875 0.337822
6 0.273958 0.529620 0.064583 0.154620
9 0.241667 0.434505 0.129167 0.344850
9 0.257812 0.498228 0.161458 0.472295
6 0.467708 0.591234 0.064583 0.082933
9 0.580729 0.517907 0.096875 0.196789
9 0.596875 0.548362 0.129167 0.257700
0 0.661458 0.608336 0.064583 0.154620
0 0.758333 0.462384 0.064583 0.141970
0 0.855208 0.388119 0.064583 0.138690
8 0.903646 0.274731 0.096875 0.357032
8 0.919792 0.234436 0.129167 0.437622
