5 0.064062 0.172616 0.032292 0.313982
8 0.064062 0.290066 0.096875 0.548883
3 0.096354 0.172616 0.096875 0.313982
7 0.112500 0.247274 0.064583 0.160503
2 0.160938 0.332598 0.096875 0.319184
9 0.257812 0.286424 0.096875 0.296033
9 0.273958 0.329346 0.129167 0.381877
8 0.386979 0.414800 0.096875 0.242185
0 0.564583 0.422214 0.064583 0.173769
9 0.645312 0.448358 0.096875 0.255712
9 0.661458 0.466437 0.129167 0.291870
0 0.822917 0.641117 0.064583 0.141773
0 0.887500 0.640857 0.064583 0.187036
6 0.952083 0.499734 0.064583 0.290830
