1 0.080208 0.202068 0.064583 0.326049
0 0.144792 0.246202 0.064583 0.336858
2 0.128646 0.226837 0.096875 0.375587
3 0.193229 0.221883 0.096875 0.412516
9 0.225521 0.257010 0.096875 0.482770
9 0.241667 0.257010 0.129167 0.482770
9 0.257812 0.320959 0.161458 0.610667
9 0.290104 0.436247 0.161458 0.484571
0 0.370833 0.582609 0.064583 0.191847
2 0.451562 0.429041 0.096875 0.304433
9 0.645312 0.350681 0.096875 0.367481
9 0.661458 0.350681 0.129167 0.367481
9 0.677604 0.356086 0.161458 0.378289
0 0.758333 0.416882 0.064583 0.256696
8 0.806771 0.276825 0.096875 0.390899
9 0.903646 0.396166 0.096875 0.649397
9 0.919792 0.402921 0.129167 0.662907
