1 0.177083 0.676033 0.064583 0.116683
9 0.354687 0.642080 0.096875 0.082571
0 0.403125 0.672526 0.064583 0.027736
0 0.467708 0.652362 0.064583 0.039373
8 0.516146 0.630922 0.096875 0.082252
6 0.564583 0.608367 0.064583 0.037141
8 0.532292 0.630922 0.129167 0.082252
8 0.548438 0.601831 0.161458 0.140434
3 0.645312 0.570827 0.096875 0.078427
2 0.709896 0.569950 0.096875 0.051806
8 0.742188 0.539425 0.096875 0.112858
8 0.758333 0.503718 0.129167 0.184270
8 0.774479 0.503718 0.161458 0.184270
8 0.806771 0.432066 0.161458 0.305576
8 0.839063 0.400345 0.161458 0.313865
5 0.935937 0.111825 0.032292 0.192400
8 0.871354 0.255288 0.161458 0.479326
8 0.903646 0.248434 0.161458 0.465617
