8 0.064062 0.312968 0.096875 0.367065
6 0.241667 0.617488 0.064583 0.141494
8 0.386979 0.340652 0.096875 0.383470
7 0.435417 0.284772 0.064583 0.275811
3 0.516146 0.214537 0.096875 0.397824
7 0.532292 0.170448 0.064583 0.266583
9 0.548438 0.193005 0.096875 0.311698
9 0.564583 0.245297 0.129167 0.416280
9 0.580729 0.385766 0.161458 0.697218
9 0.613021 0.385766 0.161458 0.697218
9 0.645312 0.497013 0.161458 0.474724
2 0.742188 0.571862 0.096875 0.148672
8 0.774479 0.575963 0.096875 0.140469
1 0.822917 0.576988 0.064583 0.142520
3 0.806771 0.576988 0.096875 0.142520
6 0.855208 0.599033 0.064583 0.098431
0 0.887500 0.608260 0.064583 0.073823
2 0.871354 0.599033 0.096875 0.098431
1 0.919792 0.620564 0.064583 0.098431
