1 0.047917 0.588495 0.064583 0.128745
6 0.080208 0.608409 0.064583 0.088918
0 0.112500 0.616745 0.064583 0.066688
2 0.096354 0.608409 0.096875 0.088918
1 0.144792 0.627859 0.064583 0.088917
0 0.209375 0.689916 0.064583 0.088917
6 0.241667 0.689916 0.064583 0.088917
8 0.257812 0.686674 0.096875 0.095401
8 0.273958 0.681580 0.129167 0.105590
8 0.290104 0.651015 0.161458 0.166720
6 0.370833 0.571360 0.064583 0.144491
8 0.322396 0.616281 0.161458 0.234335
8 0.354687 0.588958 0.161458 0.220442
8 0.386979 0.578306 0.161458 0.199138
8 0.419271 0.497725 0.161458 0.291761
3 0.516146 0.402787 0.096875 0.309359
8 0.677604 0.247644 0.096875 0.443661
8 0.693750 0.242550 0.129167 0.453850
9 0.806771 0.211058 0.096875 0.298244
9 0.822917 0.211058 0.129167 0.298244
9 0.839063 0.269410 0.161458 0.414949
