0 0.047917 0.307561 0.064583 0.212728
6 0.144792 0.514858 0.064583 0.205486
6 0.177083 0.524815 0.064583 0.192813
1 0.209375 0.517121 0.064583 0.260705
3 0.193229 0.517121 0.096875 0.260705
0 0.241667 0.458733 0.064583 0.377480
0 0.306250 0.216585 0.064583 0.233548
1 0.338542 0.171324 0.064583 0.311398
9 0.386979 0.205270 0.096875 0.379290
9 0.403125 0.231974 0.129167 0.432698
9 0.419271 0.251889 0.161458 0.472528
9 0.451562 0.383147 0.161458 0.342176
0 0.532292 0.497658 0.064583 0.152983
8 0.580729 0.448323 0.096875 0.251653
0 0.661458 0.335170 0.064583 0.108627
2 0.742188 0.352369 0.096875 0.228117
8 0.774479 0.381337 0.096875 0.170183
3 0.806771 0.404420 0.096875 0.216349
9 0.871354 0.511689 0.096875 0.356659
