8 0.257812 0.365937 0.096875 0.470569
8 0.273958 0.345023 0.129167 0.512397
8 0.290104 0.334566 0.161458 0.533311
1 0.370833 0.159933 0.064583 0.252364
0 0.435417 0.194093 0.064583 0.260730
2 0.419271 0.179104 0.096875 0.290707
3 0.483854 0.175270 0.096875 0.319290
9 0.516146 0.202458 0.096875 0.373666
9 0.532292 0.202458 0.129167 0.373666
9 0.548438 0.251955 0.161458 0.472660
9 0.580729 0.341189 0.161458 0.375061
0 0.661458 0.454474 0.064583 0.148491
2 0.742188 0.335612 0.096875 0.235633
9 0.935937 0.274961 0.096875 0.284433
