2 0.064062 0.583864 0.096875 0.134303
8 0.096354 0.587568 0.096875 0.126893
1 0.144792 0.588495 0.064583 0.128745
3 0.128646 0.588495 0.096875 0.128745
6 0.177083 0.608409 0.064583 0.088918
0 0.209375 0.616745 0.064583 0.066688
2 0.193229 0.608409 0.096875 0.088918
1 0.241667 0.627859 0.064583 0.088917
0 0.306250 0.689916 0.064583 0.088917
6 0.338542 0.689916 0.064583 0.088917
8 0.354687 0.686674 0.096875 0.095401
8 0.370833 0.681580 0.129167 0.105590
8 0.386979 0.651015 0.161458 0.166720
6 0.467708 0.571360 0.064583 0.144491
8 0.419271 0.616281 0.161458 0.234335
8 0.451562 0.588958 0.161458 0.220442
8 0.483854 0.578306 0.161458 0.199138
8 0.516146 0.497725 0.161458 0.291761
3 0.613021 0.402787 0.096875 0.309359
8 0.774479 0.247644 0.096875 0.443661
8 0.790625 0.242550 0.129167 0.453850
9 0.903646 0.211058 0.096875 0.298244
9 0.919792 0.211058 0.129167 0.298244
