0 0.080208 0.697908 0.064583 0.042189
8 0.128646 0.674935 0.096875 0.088136
6 0.177083 0.650766 0.064583 0.039798
8 0.144792 0.674935 0.129167 0.088136
8 0.160938 0.643763 0.161458 0.150480
3 0.257812 0.610541 0.096875 0.084036
2 0.322396 0.609602 0.096875 0.055512
8 0.354687 0.576892 0.096875 0.120930
8 0.370833 0.538632 0.129167 0.197451
8 0.386979 0.538632 0.161458 0.197451
8 0.419271 0.461855 0.161458 0.327434
8 0.451562 0.427864 0.161458 0.336316
5 0.548438 0.118706 0.032292 0.206162
8 0.483854 0.272431 0.161458 0.513612
8 0.516146 0.265087 0.161458 0.498923
3 0.580729 0.118706 0.096875 0.206162
7 0.596875 0.167727 0.064583 0.105387
2 0.645312 0.223752 0.096875 0.209579
9 0.742188 0.193434 0.096875 0.194377
9 0.758333 0.221617 0.129167 0.250743
8 0.871354 0.277726 0.096875 0.159020
