1 0.047917 0.117879 0.064583 0.204508
9 0.096354 0.140173 0.096875 0.249095
9 0.112500 0.157710 0.129167 0.284171
9 0.128646 0.170789 0.161458 0.310329
9 0.160938 0.256992 0.161458 0.224721
0 0.241667 0.332196 0.064583 0.100470
8 0.290104 0.299796 0.096875 0.165271
0 0.370833 0.225483 0.064583 0.071340
2 0.451562 0.236779 0.096875 0.149814
8 0.483854 0.255803 0.096875 0.111766
3 0.516146 0.270963 0.096875 0.142085
9 0.580729 0.341411 0.096875 0.234233
1 0.693750 0.435936 0.064583 0.096309
9 0.742188 0.497170 0.096875 0.218776
6 0.855208 0.623501 0.064583 0.068367
6 0.887500 0.629446 0.064583 0.056478
