1 0.241667 0.112153 0.064583 0.193057
0 0.435417 0.394034 0.064583 0.212996
6 0.532292 0.601592 0.064583 0.205745
6 0.564583 0.611562 0.064583 0.193057
1 0.596875 0.603858 0.064583 0.261034
3 0.580729 0.603858 0.096875 0.261034
0 0.629167 0.545397 0.064583 0.377956
0 0.693750 0.302944 0.064583 0.233843
1 0.726042 0.257625 0.064583 0.311791
9 0.774479 0.291614 0.096875 0.379768
9 0.790625 0.318352 0.129167 0.433244
9 0.806771 0.338292 0.161458 0.473124
9 0.839063 0.469715 0.161458 0.342607
0 0.919792 0.584371 0.064583 0.153176
