9 0.096354 0.327293 0.096875 0.187303
9 0.112500 0.327293 0.129167 0.187303
1 0.273958 0.642234 0.064583 0.184282
9 0.451562 0.588611 0.096875 0.130407
0 0.500000 0.636695 0.064583 0.043805
0 0.564583 0.604849 0.064583 0.062183
8 0.613021 0.570988 0.096875 0.129904
8 0.629167 0.570988 0.129167 0.129904
8 0.645312 0.525044 0.161458 0.221793
3 0.742188 0.476078 0.096875 0.123862
2 0.806771 0.474694 0.096875 0.081819
8 0.839063 0.426483 0.096875 0.178240
8 0.855208 0.370091 0.129167 0.291025
8 0.871354 0.370091 0.161458 0.291025
8 0.903646 0.256929 0.161458 0.482607
