9 0.064062 0.544036 0.096875 0.373269
9 0.080208 0.544036 0.129167 0.373269
2 0.160938 0.583864 0.096875 0.134303
8 0.193229 0.587568 0.096875 0.126893
1 0.241667 0.588495 0.064583 0.128745
3 0.225521 0.588495 0.096875 0.128745
6 0.273958 0.608409 0.064583 0.088918
0 0.306250 0.616745 0.064583 0.066688
2 0.290104 0.608409 0.096875 0.088918
1 0.338542 0.627859 0.064583 0.088917
0 0.403125 0.689916 0.064583 0.088917
6 0.435417 0.689916 0.064583 0.088917
8 0.451562 0.686674 0.096875 0.095401
8 0.467708 0.681580 0.129167 0.105590
8 0.483854 0.651015 0.161458 0.166720
6 0.564583 0.571360 0.064583 0.144491
8 0.516146 0.616281 0.161458 0.234335
8 0.548438 0.588958 0.161458 0.220442
8 0.580729 0.578306 0.161458 0.199138
8 0.613021 0.497725 0.161458 0.291761
3 0.709896 0.402787 0.096875 0.309359
8 0.871354 0.247644 0.096875 0.443661
8 0.887500 0.242550 0.129167 0.453850
