8 0.064062 0.702631 0.096875 0.063489
8 0.080208 0.669431 0.129167 0.129888
3 0.160938 0.649238 0.096875 0.089503
2 0.225521 0.648238 0.096875 0.059123
8 0.257812 0.613401 0.096875 0.128797
8 0.273958 0.572652 0.129167 0.210295
8 0.290104 0.572652 0.161458 0.210295
8 0.322396 0.490880 0.161458 0.348733
8 0.354687 0.454679 0.161458 0.358193
5 0.451562 0.125411 0.032292 0.219573
8 0.386979 0.289136 0.161458 0.547021
8 0.419271 0.281313 0.161458 0.531376
3 0.483854 0.125411 0.096875 0.219573
7 0.500000 0.177621 0.064583 0.112242
2 0.548438 0.237290 0.096875 0.223211
9 0.645312 0.204999 0.096875 0.207020
9 0.661458 0.235016 0.129167 0.267053
8 0.774479 0.294775 0.096875 0.169364
0 0.952083 0.299960 0.064583 0.121520
