9 0.064062 0.233104 0.096875 0.241009
9 0.080208 0.283730 0.129167 0.342262
9 0.096354 0.304408 0.161458 0.383618
0 0.177083 0.420278 0.064583 0.151879
2 0.257812 0.298704 0.096875 0.241010
9 0.451562 0.236669 0.096875 0.290923
9 0.467708 0.236669 0.129167 0.290923
9 0.483854 0.240947 0.161458 0.299479
0 0.564583 0.289078 0.064583 0.203218
8 0.613021 0.178199 0.096875 0.309462
9 0.709896 0.272678 0.096875 0.514106
9 0.726042 0.278026 0.129167 0.524801
9 0.742188 0.375000 0.161458 0.718750
6 0.952083 0.516540 0.064583 0.126209
