6 0.047917 0.689916 0.064583 0.088917
8 0.064062 0.686674 0.096875 0.095401
8 0.080208 0.681580 0.129167 0.105590
8 0.096354 0.651015 0.161458 0.166720
6 0.177083 0.571360 0.064583 0.144491
8 0.128646 0.616281 0.161458 0.234335
8 0.160938 0.588958 0.161458 0.220442
8 0.193229 0.578306 0.161458 0.199138
8 0.225521 0.497725 0.161458 0.291761
3 0.322396 0.402787 0.096875 0.309359
8 0.483854 0.247644 0.096875 0.443661
8 0.500000 0.242550 0.129167 0.453850
9 0.613021 0.211058 0.096875 0.298244
9 0.629167 0.211058 0.129167 0.298244
9 0.645312 0.269410 0.161458 0.414949
1 0.790625 0.467159 0.064583 0.143565
8 0.903646 0.483368 0.096875 0.144491
8 0.919792 0.414364 0.129167 0.282498
