6 0.047917 0.614074 0.064583 0.140691
8 0.193229 0.338808 0.096875 0.381294
7 0.241667 0.283245 0.064583 0.274247
3 0.322396 0.213409 0.096875 0.395567
7 0.338542 0.169570 0.064583 0.265071
9 0.354687 0.191999 0.096875 0.309929
9 0.370833 0.243994 0.129167 0.413919
9 0.386979 0.383666 0.161458 0.693263
9 0.419271 0.383666 0.161458 0.693263
9 0.451562 0.494282 0.161458 0.472030
2 0.548438 0.568706 0.096875 0.147828
8 0.580729 0.572784 0.096875 0.139672
1 0.629167 0.573803 0.064583 0.141711
3 0.613021 0.573803 0.096875 0.141711
6 0.661458 0.595723 0.064583 0.097872
0 0.693750 0.604898 0.064583 0.073404
2 0.677604 0.595723 0.096875 0.097872
1 0.726042 0.617132 0.064583 0.097872
0 0.790625 0.685439 0.064583 0.097872
6 0.822917 0.685439 0.064583 0.097872
8 0.839063 0.681871 0.096875 0.105009
8 0.855208 0.676263 0.129167 0.116223
8 0.871354 0.642620 0.161458 0.183511
6 0.952083 0.554942 0.064583 0.159043
8 0.903646 0.604388 0.161458 0.257934
