6 0.080208 0.618772 0.064583 0.156818
8 0.064062 0.637369 0.096875 0.194012
8 0.080208 0.626311 0.129167 0.216128
8 0.096354 0.626311 0.161458 0.216128
8 0.128646 0.538855 0.161458 0.316652
3 0.225521 0.435817 0.096875 0.335752
8 0.386979 0.267439 0.096875 0.481512
8 0.403125 0.261910 0.129167 0.492570
9 0.516146 0.227732 0.096875 0.323689
9 0.532292 0.227732 0.129167 0.323689
9 0.548438 0.291062 0.161458 0.450350
1 0.693750 0.505682 0.064583 0.155813
8 0.806771 0.523273 0.096875 0.156818
8 0.822917 0.448383 0.129167 0.306600
8 0.839063 0.398623 0.161458 0.406119
0 0.952083 0.317701 0.064583 0.187981
