0 0.047917 0.284575 0.064583 0.112367
8 0.096354 0.248338 0.096875 0.184840
0 0.177083 0.165226 0.064583 0.079787
2 0.257812 0.177859 0.096875 0.167553
7 0.306250 0.195811 0.064583 0.118351
8 0.290104 0.199136 0.096875 0.125000
3 0.322396 0.216090 0.096875 0.158910
9 0.386979 0.294880 0.096875 0.261968
1 0.500000 0.400598 0.064583 0.107713
9 0.548438 0.469082 0.096875 0.244681
6 0.693750 0.617021 0.064583 0.063165
2 0.774479 0.550532 0.096875 0.367686
8 0.806771 0.481383 0.096875 0.505984
1 0.855208 0.224069 0.064583 0.416888
