8 0.064062 0.445592 0.096875 0.577567
8 0.080208 0.419922 0.129167 0.628906
8 0.096354 0.407087 0.161458 0.654576
1 0.177083 0.192746 0.064583 0.309747
0 0.241667 0.234673 0.064583 0.320015
2 0.225521 0.216276 0.096875 0.356808
3 0.290104 0.211570 0.096875 0.391890
9 0.322396 0.244941 0.096875 0.458631
9 0.338542 0.244941 0.129167 0.458631
9 0.354687 0.305692 0.161458 0.580134
9 0.386979 0.415216 0.161458 0.460342
0 0.467708 0.554260 0.064583 0.182255
2 0.548438 0.408371 0.096875 0.289211
9 0.742188 0.333929 0.096875 0.349107
9 0.758333 0.333929 0.129167 0.349107
9 0.774479 0.339062 0.161458 0.359375
0 0.855208 0.396819 0.064583 0.243861
8 0.903646 0.263765 0.096875 0.371354
