9 0.064062 0.209774 0.096875 0.135638
9 0.080208 0.234043 0.129167 0.184175
0 0.144792 0.284575 0.064583 0.112367
8 0.193229 0.248338 0.096875 0.184840
0 0.273958 0.165226 0.064583 0.079787
2 0.354687 0.177859 0.096875 0.167553
7 0.403125 0.195811 0.064583 0.118351
8 0.386979 0.199136 0.096875 0.125000
3 0.419271 0.216090 0.096875 0.158910
9 0.483854 0.294880 0.096875 0.261968
1 0.596875 0.400598 0.064583 0.107713
9 0.645312 0.469082 0.096875 0.244681
6 0.790625 0.617021 0.064583 0.063165
2 0.871354 0.550532 0.096875 0.367686
8 0.903646 0.481383 0.096875 0.505984
1 0.952083 0.224069 0.064583 0.416888
