0 0.144792 0.347712 0.064583 0.241986
6 0.241667 0.583520 0.064583 0.233748
6 0.273958 0.594847 0.064583 0.219332
1 0.306250 0.586094 0.064583 0.296562
3 0.290104 0.586094 0.096875 0.296562
0 0.338542 0.519677 0.064583 0.429397
0 0.403125 0.244225 0.064583 0.265670
1 0.435417 0.192738 0.064583 0.354226
9 0.483854 0.231353 0.096875 0.431456
9 0.500000 0.261730 0.129167 0.492210
9 0.516146 0.284384 0.161458 0.537518
9 0.548438 0.433694 0.161458 0.389237
0 0.629167 0.563955 0.064583 0.174024
8 0.677604 0.507835 0.096875 0.286264
0 0.758333 0.379119 0.064583 0.123567
2 0.839063 0.398684 0.096875 0.259491
8 0.871354 0.431635 0.096875 0.193589
3 0.903646 0.457893 0.096875 0.246105
