1 0.047917 0.512864 0.064583 0.141817
8 0.160938 0.672785 0.096875 0.123180
6 0.209375 0.621141 0.064583 0.128577
8 0.177083 0.645614 0.129167 0.177523
8 0.193229 0.633660 0.161458 0.201431
8 0.225521 0.613642 0.161458 0.224147
8 0.257812 0.593499 0.161458 0.183861
8 0.290104 0.495011 0.161458 0.380836
8 0.322396 0.415976 0.161458 0.424699
2 0.451562 0.175766 0.096875 0.320281
1 0.500000 0.248368 0.064583 0.136170
7 0.532292 0.253138 0.064583 0.126632
7 0.564583 0.260542 0.064583 0.137927
9 0.613021 0.310649 0.096875 0.238140
1 0.790625 0.381087 0.064583 0.145080
0 0.855208 0.438159 0.064583 0.106614
1 0.919792 0.373776 0.064583 0.081137
