8 0.225521 0.581885 0.096875 0.277205
0 0.370833 0.479957 0.064583 0.134689
1 0.435417 0.440494 0.064583 0.121177
8 0.548438 0.577140 0.096875 0.105252
6 0.596875 0.533012 0.064583 0.109863
8 0.564583 0.553923 0.129167 0.151685
8 0.580729 0.543709 0.161458 0.172114
8 0.613021 0.526605 0.161458 0.191524
8 0.645312 0.509394 0.161458 0.157101
8 0.677604 0.425240 0.161458 0.325408
8 0.709896 0.357708 0.161458 0.362887
2 0.839063 0.152458 0.096875 0.273667
1 0.887500 0.214494 0.064583 0.116351
7 0.919792 0.218569 0.064583 0.108201
7 0.952083 0.224896 0.064583 0.117852
