0 0.080208 0.559049 0.064583 0.157631
1 0.144792 0.512864 0.064583 0.141817
8 0.257812 0.672785 0.096875 0.123180
6 0.306250 0.621141 0.064583 0.128577
8 0.273958 0.645614 0.129167 0.177523
8 0.290104 0.633660 0.161458 0.201431
8 0.322396 0.613642 0.161458 0.224147
8 0.354687 0.593499 0.161458 0.183861
8 0.386979 0.495011 0.161458 0.380836
8 0.419271 0.415976 0.161458 0.424699
2 0.548438 0.175766 0.096875 0.320281
1 0.596875 0.248368 0.064583 0.136170
7 0.629167 0.253138 0.064583 0.126632
7 0.661458 0.260542 0.064583 0.137927
9 0.709896 0.310649 0.096875 0.238140
1 0.887500 0.381087 0.064583 0.145080
0 0.952083 0.438159 0.064583 0.106614
