8 0.128646 0.593042 0.096875 0.282667
0 0.273958 0.489106 0.064583 0.137342
1 0.338542 0.448865 0.064583 0.123564
8 0.451562 0.588203 0.096875 0.107326
6 0.500000 0.543206 0.064583 0.112028
8 0.467708 0.564529 0.129167 0.154674
8 0.483854 0.554113 0.161458 0.175505
8 0.516146 0.536672 0.161458 0.195297
8 0.548438 0.519122 0.161458 0.160196
8 0.580729 0.433310 0.161458 0.331819
8 0.613021 0.364448 0.161458 0.370037
2 0.742188 0.155154 0.096875 0.279058
1 0.790625 0.218412 0.064583 0.118644
7 0.822917 0.222568 0.064583 0.110333
7 0.855208 0.229019 0.064583 0.120174
9 0.903646 0.272677 0.096875 0.207489
