6 0.047917 0.702128 0.064583 0.064494
8 0.064062 0.691662 0.096875 0.085427
6 0.112500 0.655846 0.064583 0.089169
8 0.080208 0.672818 0.129167 0.123114
8 0.096354 0.664528 0.161458 0.139694
8 0.128646 0.650646 0.161458 0.155448
8 0.160938 0.636676 0.161458 0.127509
8 0.193229 0.568374 0.161458 0.264113
8 0.225521 0.513563 0.161458 0.294533
2 0.354687 0.346974 0.096875 0.222118
1 0.403125 0.397325 0.064583 0.094435
9 0.516146 0.440517 0.096875 0.165152
1 0.693750 0.489366 0.064583 0.100615
0 0.758333 0.528946 0.064583 0.073938
1 0.822917 0.484296 0.064583 0.056269
8 0.903646 0.268728 0.096875 0.487406
