6 0.080208 0.687889 0.064583 0.057508
8 0.064062 0.696462 0.096875 0.075826
8 0.080208 0.689912 0.129167 0.088925
8 0.322396 0.577984 0.096875 0.275295
0 0.467708 0.476758 0.064583 0.133761
1 0.532292 0.437567 0.064583 0.120342
8 0.645312 0.573271 0.096875 0.104527
6 0.693750 0.529448 0.064583 0.109106
8 0.661458 0.550215 0.129167 0.150640
8 0.677604 0.540071 0.161458 0.170928
8 0.709896 0.523084 0.161458 0.190204
8 0.742188 0.505992 0.161458 0.156019
8 0.774479 0.422418 0.161458 0.323166
8 0.806771 0.355351 0.161458 0.360387
2 0.935937 0.151516 0.096875 0.271781
