0 0.080208 0.670752 0.064583 0.083151
8 0.128646 0.619255 0.096875 0.188034
6 0.209375 0.621303 0.064583 0.047245
9 0.225521 0.627602 0.096875 0.059843
6 0.273958 0.643823 0.064583 0.027402
9 0.241667 0.627602 0.129167 0.059843
9 0.257812 0.631696 0.161458 0.068032
0 0.338542 0.645397 0.064583 0.040631
8 0.386979 0.636421 0.096875 0.114017
8 0.403125 0.592326 0.129167 0.202208
2 0.516146 0.554688 0.096875 0.080946
8 0.580729 0.502561 0.096875 0.166301
8 0.596875 0.451851 0.129167 0.267720
7 0.822917 0.217360 0.064583 0.200003
