0 0.080208 0.675269 0.064583 0.118212
6 0.177083 0.682713 0.064583 0.078056
0 0.273958 0.596761 0.064583 0.119115
8 0.322396 0.522991 0.096875 0.269362
9 0.419271 0.534948 0.096875 0.085727
6 0.467708 0.558184 0.064583 0.039254
9 0.435417 0.534948 0.129167 0.085727
9 0.451562 0.540813 0.161458 0.097458
0 0.532292 0.560440 0.064583 0.058204
8 0.580729 0.547581 0.096875 0.163332
8 0.596875 0.484414 0.129167 0.289666
2 0.709896 0.430497 0.096875 0.115957
8 0.774479 0.355824 0.096875 0.238230
8 0.790625 0.283182 0.129167 0.383514
