0 0.177083 0.663301 0.064583 0.131137
6 0.273958 0.671559 0.064583 0.086590
0 0.370833 0.576210 0.064583 0.132138
8 0.419271 0.494375 0.096875 0.298812
9 0.516146 0.507638 0.096875 0.095099
6 0.564583 0.533415 0.064583 0.043545
9 0.532292 0.507638 0.129167 0.095099
9 0.548438 0.514145 0.161458 0.108113
0 0.629167 0.535918 0.064583 0.064567
8 0.677604 0.521653 0.096875 0.181189
8 0.693750 0.451580 0.129167 0.321335
2 0.806771 0.391768 0.096875 0.128634
8 0.871354 0.308931 0.096875 0.264276
8 0.887500 0.228347 0.129167 0.425444
