6 0.080208 0.706595 0.064583 0.055560
0 0.177083 0.645414 0.064583 0.084785
8 0.225521 0.592905 0.096875 0.191731
6 0.306250 0.594993 0.064583 0.048174
9 0.322396 0.601416 0.096875 0.061020
6 0.370833 0.617956 0.064583 0.027941
9 0.338542 0.601416 0.129167 0.061020
9 0.354687 0.605591 0.161458 0.069370
0 0.435417 0.619561 0.064583 0.041429
8 0.483854 0.610408 0.096875 0.116259
8 0.500000 0.565446 0.129167 0.206183
2 0.613021 0.527068 0.096875 0.082537
8 0.677604 0.473916 0.096875 0.169571
8 0.693750 0.422210 0.129167 0.272984
7 0.919792 0.183109 0.064583 0.203935
