0 0.047917 0.527868 0.064583 0.069730
9 0.128646 0.549324 0.096875 0.085821
9 0.144792 0.620394 0.129167 0.227962
9 0.160938 0.620394 0.161458 0.227962
6 0.306250 0.631122 0.064583 0.050956
3 0.386979 0.586870 0.096875 0.075093
6 0.435417 0.608326 0.064583 0.042910
9 0.419271 0.589552 0.096875 0.080457
6 0.467708 0.616371 0.064583 0.026819
6 0.500000 0.619053 0.064583 0.032183
0 0.532292 0.602962 0.064583 0.075093
8 0.580729 0.568097 0.096875 0.144823
2 0.742188 0.491663 0.096875 0.088503
8 0.774479 0.471548 0.096875 0.128731
8 0.790625 0.423274 0.129167 0.225280
8 0.806771 0.346840 0.161458 0.378148
5 0.935937 0.129606 0.032292 0.083139
