2 0.064062 0.490334 0.096875 0.086918
0 0.144792 0.476962 0.064583 0.086919
9 0.225521 0.503706 0.096875 0.106977
9 0.241667 0.592297 0.129167 0.284157
9 0.257812 0.592297 0.161458 0.284157
6 0.403125 0.605669 0.064583 0.063517
3 0.483854 0.550509 0.096875 0.093605
6 0.532292 0.577253 0.064583 0.053488
9 0.516146 0.553852 0.096875 0.100291
6 0.564583 0.587282 0.064583 0.033430
6 0.596875 0.590625 0.064583 0.040116
0 0.629167 0.570567 0.064583 0.093605
8 0.677604 0.527108 0.096875 0.180523
2 0.839063 0.431831 0.096875 0.110320
8 0.871354 0.406759 0.096875 0.160465
8 0.887500 0.346584 0.129167 0.280814
8 0.903646 0.251308 0.161458 0.471366
