9 0.064062 0.642522 0.096875 0.183706
9 0.080208 0.642522 0.129167 0.183706
6 0.144792 0.673522 0.064583 0.039038
6 0.209375 0.645966 0.064583 0.043630
3 0.290104 0.608077 0.096875 0.064297
6 0.338542 0.626448 0.064583 0.036741
9 0.322396 0.610373 0.096875 0.068890
6 0.370833 0.633337 0.064583 0.022963
6 0.403125 0.635633 0.064583 0.027556
0 0.435417 0.621855 0.064583 0.064297
8 0.483854 0.592003 0.096875 0.124002
6 0.629167 0.530002 0.064583 0.068890
2 0.645312 0.526557 0.096875 0.075779
8 0.677604 0.509335 0.096875 0.110224
8 0.693750 0.468001 0.129167 0.192891
8 0.709896 0.402556 0.161458 0.323782
8 0.871354 0.163738 0.096875 0.186002
