7 0.047917 0.131656 0.064583 0.141816
0 0.080208 0.084922 0.064583 0.099916
7 0.144792 0.072029 0.064583 0.112808
7 0.273958 0.084922 0.064583 0.074131
9 0.322396 0.184837 0.096875 0.261071
9 0.338542 0.184837 0.129167 0.261071
9 0.354687 0.204176 0.161458 0.299748
9 0.386979 0.262192 0.161458 0.267517
9 0.419271 0.310538 0.161458 0.248178
3 0.548438 0.402396 0.096875 0.070908
4 0.645312 0.542601 0.032292 0.106362
9 0.613021 0.491031 0.096875 0.209501
9 0.629167 0.491031 0.129167 0.209501
9 0.774479 0.547436 0.096875 0.186940
9 0.790625 0.565163 0.129167 0.222394
9 0.806771 0.578055 0.161458 0.248178
