2 0.128646 0.531990 0.096875 0.139967
9 0.354687 0.499836 0.096875 0.158882
9 0.370833 0.526316 0.129167 0.211842
9 0.386979 0.543339 0.161458 0.245888
0 0.467708 0.639803 0.064583 0.083224
3 0.548438 0.581168 0.096875 0.109704
9 0.580729 0.579276 0.096875 0.105921
9 0.596875 0.588734 0.129167 0.124836
9 0.613021 0.601974 0.161458 0.151316
0 0.693750 0.645477 0.064583 0.064309
6 0.726042 0.645477 0.064583 0.064309
9 0.774479 0.681414 0.096875 0.105921
2 0.806771 0.588734 0.096875 0.291283
5 0.903646 0.199095 0.032292 0.366941
2 0.935937 0.240707 0.096875 0.450164
