6 0.047917 0.716083 0.064583 0.036583
6 0.112500 0.690260 0.064583 0.040887
3 0.193229 0.654753 0.096875 0.060254
6 0.241667 0.671969 0.064583 0.034431
9 0.225521 0.656905 0.096875 0.064558
6 0.273958 0.678424 0.064583 0.021519
6 0.306250 0.680576 0.064583 0.025823
0 0.338542 0.667665 0.064583 0.060254
8 0.386979 0.639689 0.096875 0.116205
6 0.532292 0.581587 0.064583 0.064558
2 0.548438 0.578359 0.096875 0.071014
8 0.580729 0.562219 0.096875 0.103293
8 0.596875 0.523484 0.129167 0.180763
8 0.613021 0.462154 0.161458 0.303424
8 0.774479 0.238351 0.096875 0.174308
8 0.903646 0.157654 0.096875 0.219498
8 0.919792 0.141514 0.129167 0.251778
