9 0.064062 0.135944 0.096875 0.240639
7 0.144792 0.173940 0.064583 0.139317
0 0.177083 0.128029 0.064583 0.098155
7 0.241667 0.115363 0.064583 0.110820
7 0.370833 0.128029 0.064583 0.072825
9 0.419271 0.226184 0.096875 0.256470
9 0.435417 0.226184 0.129167 0.256470
9 0.451562 0.245182 0.161458 0.294466
9 0.483854 0.302175 0.161458 0.262803
9 0.516146 0.349670 0.161458 0.243805
3 0.645312 0.439909 0.096875 0.069659
4 0.742188 0.577643 0.032292 0.104488
9 0.709896 0.526982 0.096875 0.205809
9 0.726042 0.526982 0.129167 0.205809
9 0.871354 0.582393 0.096875 0.183645
9 0.887500 0.599807 0.129167 0.218475
9 0.903646 0.612472 0.161458 0.243805
