8 0.160938 0.292312 0.096875 0.260786
5 0.225521 0.098313 0.032292 0.165376
8 0.177083 0.219165 0.129167 0.407080
1 0.241667 0.107854 0.064583 0.184458
2 0.290104 0.146018 0.096875 0.222622
2 0.419271 0.254148 0.096875 0.235343
7 0.564583 0.155559 0.064583 0.127213
9 0.645312 0.200083 0.096875 0.267146
9 0.661458 0.244607 0.129167 0.356195
9 0.677604 0.273230 0.161458 0.413440
0 0.758333 0.435426 0.064583 0.139933
3 0.839063 0.336836 0.096875 0.184458
9 0.871354 0.333656 0.096875 0.178098
9 0.887500 0.349557 0.129167 0.209901
9 0.903646 0.371820 0.161458 0.254425
