8 0.064062 0.383456 0.096875 0.346691
5 0.128646 0.125551 0.032292 0.219853
8 0.080208 0.286213 0.129167 0.541177
1 0.144792 0.138235 0.064583 0.245221
2 0.193229 0.188970 0.096875 0.295956
2 0.322396 0.332721 0.096875 0.312868
7 0.467708 0.201654 0.064583 0.169118
9 0.548438 0.260846 0.096875 0.355148
9 0.564583 0.320037 0.129167 0.473530
9 0.580729 0.358088 0.161458 0.549632
0 0.661458 0.573713 0.064583 0.186029
3 0.742188 0.442647 0.096875 0.245221
9 0.774479 0.438419 0.096875 0.236765
9 0.790625 0.459559 0.129167 0.279045
9 0.806771 0.489154 0.161458 0.338236
0 0.887500 0.586397 0.064583 0.143750
