9 0.064062 0.499836 0.096875 0.158882
9 0.080208 0.526316 0.129167 0.211842
9 0.096354 0.543339 0.161458 0.245888
0 0.177083 0.639803 0.064583 0.083224
3 0.257812 0.581168 0.096875 0.109704
9 0.290104 0.579276 0.096875 0.105921
9 0.306250 0.588734 0.129167 0.124836
9 0.322396 0.601974 0.161458 0.151316
0 0.403125 0.645477 0.064583 0.064309
6 0.435417 0.645477 0.064583 0.064309
9 0.483854 0.681414 0.096875 0.105921
2 0.516146 0.588734 0.096875 0.291283
5 0.613021 0.199095 0.032292 0.366941
2 0.645312 0.240707 0.096875 0.450164
5 0.774479 0.155592 0.032292 0.174013
3 0.871354 0.261513 0.096875 0.136184
