7 0.047917 0.072029 0.064583 0.112808
7 0.177083 0.084922 0.064583 0.074131
9 0.225521 0.184837 0.096875 0.261071
9 0.241667 0.184837 0.129167 0.261071
9 0.257812 0.204176 0.161458 0.299748
9 0.290104 0.262192 0.161458 0.267517
9 0.322396 0.310538 0.161458 0.248178
3 0.451562 0.402396 0.096875 0.070908
4 0.548438 0.542601 0.032292 0.106362
9 0.516146 0.491031 0.096875 0.209501
9 0.532292 0.491031 0.129167 0.209501
9 0.677604 0.547436 0.096875 0.186940
9 0.693750 0.565163 0.129167 0.222394
9 0.709896 0.578055 0.161458 0.248178
