3 0.096354 0.681943 0.096875 0.061170
6 0.144792 0.699421 0.064583 0.034954
9 0.128646 0.684128 0.096875 0.065539
6 0.177083 0.705975 0.064583 0.021846
6 0.209375 0.708159 0.064583 0.026216
0 0.241667 0.695051 0.064583 0.061170
8 0.290104 0.666651 0.096875 0.117971
6 0.435417 0.607665 0.064583 0.065539
2 0.451562 0.604388 0.096875 0.072093
8 0.483854 0.588003 0.096875 0.104863
8 0.500000 0.548680 0.129167 0.183511
8 0.516146 0.486417 0.161458 0.308036
8 0.677604 0.259214 0.096875 0.176957
8 0.806771 0.177289 0.096875 0.222834
8 0.822917 0.160904 0.129167 0.255604
