1 0.047917 0.304810 0.064583 0.162842
2 0.096354 0.338501 0.096875 0.196533
2 0.225521 0.433960 0.096875 0.207764
9 0.451562 0.386230 0.096875 0.235840
9 0.467708 0.425537 0.129167 0.314453
9 0.483854 0.450805 0.161458 0.364990
0 0.564583 0.593994 0.064583 0.123535
3 0.645312 0.506958 0.096875 0.162842
9 0.677604 0.504150 0.096875 0.157227
9 0.693750 0.518188 0.129167 0.185303
9 0.709896 0.537842 0.161458 0.224610
0 0.790625 0.602417 0.064583 0.095459
6 0.822917 0.602417 0.064583 0.095459
9 0.871354 0.655762 0.096875 0.157227
2 0.903646 0.518188 0.096875 0.432373
