2 0.193229 0.279279 0.096875 0.164573
8 0.225521 0.289355 0.096875 0.144422
8 0.241667 0.225540 0.129167 0.272050
8 0.257812 0.213785 0.161458 0.295561
3 0.354687 0.091195 0.096875 0.151139
9 0.419271 0.198671 0.096875 0.245181
9 0.435417 0.213785 0.129167 0.275409
9 0.451562 0.244013 0.161458 0.335865
9 0.483854 0.284317 0.161458 0.302278
9 0.516146 0.333017 0.161458 0.292202
0 0.596875 0.422021 0.064583 0.114194
9 0.742188 0.512705 0.096875 0.235105
9 0.871354 0.652088 0.096875 0.164573
0 0.919792 0.554688 0.064583 0.359375
2 0.903646 0.554688 0.096875 0.359375
