2 0.096354 0.321703 0.096875 0.149232
8 0.128646 0.330840 0.096875 0.130959
8 0.144792 0.272974 0.129167 0.246690
8 0.160938 0.262315 0.161458 0.268008
3 0.257812 0.151152 0.096875 0.137050
9 0.322396 0.248610 0.096875 0.222325
9 0.338542 0.262315 0.129167 0.249735
9 0.354687 0.289725 0.161458 0.304555
9 0.386979 0.326271 0.161458 0.274099
9 0.419271 0.370432 0.161458 0.264963
0 0.500000 0.451139 0.064583 0.103549
9 0.645312 0.533369 0.096875 0.213189
9 0.774479 0.659759 0.096875 0.149232
0 0.822917 0.571438 0.064583 0.325874
2 0.806771 0.571438 0.096875 0.325874
