0 0.047917 0.237100 0.064583 0.150436
9 0.128646 0.303961 0.096875 0.325945
9 0.144792 0.358285 0.129167 0.434593
9 0.160938 0.410520 0.161458 0.539063
3 0.386979 0.383358 0.096875 0.091933
2 0.580729 0.343659 0.096875 0.204760
8 0.613021 0.356195 0.096875 0.179687
8 0.629167 0.276799 0.129167 0.338481
8 0.645312 0.262173 0.161458 0.367733
3 0.742188 0.109648 0.096875 0.188045
9 0.806771 0.243369 0.096875 0.305051
9 0.822917 0.262173 0.129167 0.342660
9 0.839063 0.299782 0.161458 0.417878
9 0.871354 0.349927 0.161458 0.376090
9 0.903646 0.410520 0.161458 0.363554
