6 0.112500 0.640548 0.064583 0.081435
6 0.144792 0.640548 0.064583 0.081435
8 0.160938 0.585668 0.096875 0.297414
6 0.241667 0.571506 0.064583 0.077894
6 0.338542 0.594520 0.064583 0.046028
6 0.370833 0.589209 0.064583 0.056650
8 0.354687 0.589209 0.096875 0.056650
6 0.403125 0.571506 0.064583 0.077894
8 0.370833 0.575046 0.129167 0.084975
8 0.386979 0.552032 0.161458 0.131004
8 0.419271 0.521937 0.161458 0.191194
8 0.580729 0.465286 0.096875 0.148707
8 0.596875 0.465286 0.129167 0.148707
8 0.613021 0.394474 0.161458 0.290333
