9 0.064062 0.404251 0.096875 0.342660
9 0.080208 0.456486 0.129167 0.447130
3 0.290104 0.383358 0.096875 0.091933
2 0.483854 0.343659 0.096875 0.204760
8 0.516146 0.356195 0.096875 0.179687
8 0.532292 0.276799 0.129167 0.338481
8 0.548438 0.262173 0.161458 0.367733
3 0.645312 0.109648 0.096875 0.188045
9 0.709896 0.243369 0.096875 0.305051
9 0.726042 0.262173 0.129167 0.342660
9 0.742188 0.299782 0.161458 0.417878
9 0.774479 0.349927 0.161458 0.376090
9 0.806771 0.410520 0.161458 0.363554
0 0.887500 0.521257 0.064583 0.142078
