9 0.064062 0.158872 0.096875 0.286495
9 0.080208 0.194056 0.129167 0.356862
9 0.096354 0.246831 0.161458 0.462413
9 0.128646 0.289554 0.161458 0.407124
0 0.273958 0.377513 0.064583 0.150787
8 0.322396 0.349869 0.096875 0.206075
8 0.338542 0.297094 0.129167 0.311626
7 0.403125 0.214161 0.064583 0.145760
9 0.451562 0.199082 0.096875 0.206075
9 0.467708 0.239292 0.129167 0.286495
9 0.483854 0.299607 0.161458 0.407124
9 0.516146 0.299607 0.161458 0.407124
9 0.548438 0.337303 0.161458 0.331731
3 0.677604 0.413199 0.096875 0.111582
