8 0.064062 0.245564 0.096875 0.191870
8 0.080208 0.234905 0.129167 0.213189
3 0.160938 0.151152 0.096875 0.137050
9 0.225521 0.248610 0.096875 0.222325
9 0.241667 0.262315 0.129167 0.249735
9 0.257812 0.289725 0.161458 0.304555
9 0.290104 0.326271 0.161458 0.274099
9 0.322396 0.370432 0.161458 0.264963
0 0.403125 0.451139 0.064583 0.103549
9 0.548438 0.533369 0.096875 0.213189
9 0.677604 0.659759 0.096875 0.149232
0 0.726042 0.571438 0.064583 0.325874
2 0.709896 0.571438 0.096875 0.325874
8 0.903646 0.306475 0.096875 0.252781
