9 0.128646 0.138484 0.096875 0.201545
9 0.144792 0.138484 0.129167 0.201545
9 0.160938 0.138484 0.161458 0.201545
9 0.193229 0.184959 0.161458 0.174856
8 0.483854 0.325764 0.096875 0.174856
9 0.580729 0.296775 0.096875 0.116878
9 0.596875 0.315181 0.129167 0.153689
9 0.613021 0.324844 0.161458 0.173015
9 0.645312 0.356594 0.161458 0.197863
0 0.726042 0.409051 0.064583 0.092950
9 0.806771 0.463348 0.096875 0.190501
9 0.822917 0.479914 0.129167 0.223632
9 0.839063 0.538812 0.161458 0.341429
0 0.919792 0.608295 0.064583 0.252161
