9 0.193229 0.494193 0.096875 0.152135
6 0.338542 0.563073 0.064583 0.052708
6 0.370833 0.566068 0.064583 0.046719
9 0.451562 0.561875 0.096875 0.124583
9 0.467708 0.575052 0.129167 0.150938
6 0.532292 0.623568 0.064583 0.053906
6 0.596875 0.628958 0.064583 0.062292
0 0.629167 0.620573 0.064583 0.091042
2 0.613021 0.620573 0.096875 0.091042
6 0.693750 0.602005 0.064583 0.056302
8 0.742188 0.570260 0.096875 0.115000
6 0.822917 0.527734 0.064583 0.073073
8 0.871354 0.383984 0.096875 0.360573
8 0.887500 0.289948 0.129167 0.548646
1 0.952083 0.165365 0.064583 0.299479
