2 0.128646 0.487057 0.096875 0.071309
1 0.177083 0.498376 0.064583 0.048671
9 0.225521 0.524409 0.096875 0.100738
4 0.290104 0.677780 0.032292 0.113189
9 0.241667 0.604208 0.129167 0.260335
9 0.257812 0.604208 0.161458 0.260335
0 0.338542 0.647785 0.064583 0.053199
6 0.532292 0.583268 0.064583 0.037352
6 0.596875 0.568553 0.064583 0.030561
0 0.629167 0.548179 0.064583 0.082628
8 0.677604 0.524409 0.096875 0.130167
8 0.693750 0.503469 0.129167 0.172047
8 0.709896 0.492151 0.161458 0.194685
8 0.871354 0.309916 0.096875 0.219587
8 0.887500 0.234080 0.129167 0.371260
8 0.903646 0.217667 0.161458 0.404085
