0 0.112500 0.585087 0.064583 0.054177
2 0.096354 0.581475 0.096875 0.061401
1 0.241667 0.537531 0.064583 0.039730
9 0.290104 0.552280 0.096875 0.069226
6 0.338542 0.560105 0.064583 0.057187
9 0.419271 0.608564 0.096875 0.110762
0 0.467708 0.650099 0.064583 0.048157
1 0.532292 0.631739 0.064583 0.057187
9 0.580729 0.644080 0.096875 0.081868
9 0.596875 0.648896 0.129167 0.091499
9 0.613021 0.661236 0.161458 0.116180
6 0.758333 0.710597 0.064583 0.034312
6 0.790625 0.712403 0.064583 0.034312
0 0.822917 0.609768 0.064583 0.239583
5 0.903646 0.211867 0.032292 0.392483
