6 0.080208 0.674318 0.064583 0.040684
6 0.144792 0.696113 0.064583 0.031966
6 0.209375 0.683520 0.064583 0.026154
0 0.241667 0.666084 0.064583 0.070713
6 0.306250 0.617166 0.064583 0.054245
8 0.290104 0.645742 0.096875 0.111397
8 0.306250 0.627822 0.129167 0.147237
8 0.322396 0.618135 0.161458 0.166610
6 0.435417 0.530471 0.064583 0.051339
8 0.483854 0.462180 0.096875 0.187921
8 0.500000 0.397279 0.129167 0.317722
8 0.516146 0.383234 0.161458 0.345814
8 0.548438 0.358048 0.161458 0.370999
8 0.580729 0.281039 0.161458 0.331284
8 0.613021 0.212748 0.161458 0.305130
7 0.693750 0.112492 0.064583 0.118177
8 0.645312 0.189500 0.161458 0.272195
7 0.790625 0.186110 0.064583 0.100741
1 0.887500 0.111039 0.064583 0.088149
7 0.952083 0.180298 0.064583 0.120115
