9 0.096354 0.685664 0.096875 0.061148
6 0.144792 0.697323 0.064583 0.037829
3 0.193229 0.690068 0.096875 0.048193
6 0.209375 0.683073 0.064583 0.034202
0 0.241667 0.667527 0.064583 0.077731
6 0.306250 0.615965 0.064583 0.054412
8 0.290104 0.647576 0.096875 0.117632
8 0.306250 0.628920 0.129167 0.154943
8 0.322396 0.615447 0.161458 0.181890
8 0.483854 0.448585 0.096875 0.197436
8 0.500000 0.384846 0.129167 0.324914
8 0.516146 0.373186 0.161458 0.348234
8 0.548438 0.344944 0.161458 0.373626
8 0.580729 0.267213 0.161458 0.330096
8 0.613021 0.197256 0.161458 0.292786
8 0.645312 0.183005 0.161458 0.278794
5 0.774479 0.172382 0.032292 0.104159
5 0.839063 0.055268 0.032292 0.079285
1 0.887500 0.106829 0.064583 0.089131
