6 0.047917 0.662332 0.064583 0.036859
6 0.080208 0.664427 0.064583 0.032670
9 0.160938 0.661495 0.096875 0.087121
9 0.177083 0.670709 0.129167 0.105551
6 0.241667 0.704636 0.064583 0.037697
6 0.273958 0.707150 0.064583 0.042723
6 0.306250 0.708406 0.064583 0.043561
0 0.338542 0.702542 0.064583 0.063666
2 0.322396 0.702542 0.096875 0.063666
6 0.403125 0.689558 0.064583 0.039372
6 0.435417 0.689139 0.064583 0.036859
8 0.451562 0.667359 0.096875 0.080420
6 0.532292 0.637620 0.064583 0.051100
8 0.580729 0.537096 0.096875 0.252149
8 0.596875 0.471336 0.129167 0.383668
1 0.661458 0.384215 0.064583 0.209426
8 0.742188 0.290392 0.096875 0.331731
8 0.758333 0.279502 0.129167 0.353511
5 0.871354 0.207459 0.032292 0.142410
