4 0.096354 0.686489 0.032292 0.095773
9 0.064062 0.642251 0.096875 0.184248
9 0.080208 0.642251 0.129167 0.184248
0 0.144792 0.657985 0.064583 0.040589
8 0.193229 0.636322 0.096875 0.064760
9 0.290104 0.600293 0.096875 0.053815
6 0.338542 0.610555 0.064583 0.033292
3 0.386979 0.604170 0.096875 0.042414
6 0.403125 0.598013 0.064583 0.030100
0 0.435417 0.584331 0.064583 0.068409
6 0.500000 0.538953 0.064583 0.047886
8 0.483854 0.566773 0.096875 0.103525
8 0.500000 0.550355 0.129167 0.136362
8 0.516146 0.538497 0.161458 0.160077
8 0.677604 0.391646 0.096875 0.173759
8 0.693750 0.335551 0.129167 0.285949
8 0.709896 0.325289 0.161458 0.306472
8 0.742188 0.300434 0.161458 0.328819
8 0.774479 0.232025 0.161458 0.290510
8 0.806771 0.170457 0.161458 0.257674
7 0.887500 0.089735 0.064583 0.108998
8 0.839063 0.157916 0.161458 0.245360
5 0.968229 0.148566 0.032292 0.091668
