0 0.047917 0.702542 0.064583 0.063666
6 0.112500 0.689558 0.064583 0.039372
6 0.144792 0.689139 0.064583 0.036859
8 0.160938 0.667359 0.096875 0.080420
6 0.241667 0.637620 0.064583 0.051100
8 0.290104 0.537096 0.096875 0.252149
8 0.306250 0.471336 0.129167 0.383668
1 0.370833 0.384215 0.064583 0.209426
8 0.451562 0.290392 0.096875 0.331731
8 0.467708 0.279502 0.129167 0.353511
5 0.580729 0.207459 0.032292 0.142410
1 0.693750 0.243899 0.064583 0.096336
8 0.806771 0.321806 0.096875 0.144923
8 0.935937 0.194894 0.096875 0.227855
