5 0.031771 0.099980 0.032292 0.168710
7 0.080208 0.206290 0.064583 0.067022
0 0.177083 0.407355 0.064583 0.140977
1 0.241667 0.304512 0.064583 0.097066
8 0.322396 0.262912 0.096875 0.226487
7 0.370833 0.215535 0.064583 0.131732
2 0.419271 0.229401 0.096875 0.145599
1 0.467708 0.252512 0.064583 0.099377
9 0.516146 0.305667 0.096875 0.205687
4 0.580729 0.618820 0.032292 0.231109
9 0.532292 0.468599 0.129167 0.531552
9 0.548438 0.468599 0.161458 0.531552
0 0.629167 0.557576 0.064583 0.108621
0 0.919792 0.354200 0.064583 0.168710
