2 0.128646 0.468851 0.096875 0.074032
1 0.177083 0.481676 0.064583 0.054212
9 0.225521 0.507908 0.096875 0.106676
4 0.290104 0.673168 0.032292 0.122415
9 0.241667 0.594472 0.129167 0.279805
9 0.257812 0.594472 0.161458 0.279805
0 0.338542 0.636735 0.064583 0.051881
8 0.386979 0.609046 0.096875 0.082776
9 0.483854 0.562994 0.096875 0.068785
6 0.532292 0.576110 0.064583 0.042554
3 0.580729 0.567949 0.096875 0.054212
6 0.596875 0.560080 0.064583 0.038473
0 0.629167 0.542592 0.064583 0.087439
8 0.677604 0.520149 0.096875 0.132325
8 0.693750 0.499164 0.129167 0.174295
8 0.709896 0.484007 0.161458 0.204608
8 0.871354 0.296305 0.096875 0.222096
8 0.887500 0.224605 0.129167 0.365496
8 0.903646 0.211489 0.161458 0.391727
