1 0.047917 0.537531 0.064583 0.039730
9 0.096354 0.552280 0.096875 0.069226
6 0.144792 0.560105 0.064583 0.057187
9 0.225521 0.608564 0.096875 0.110762
0 0.273958 0.650099 0.064583 0.048157
1 0.338542 0.631739 0.064583 0.057187
9 0.386979 0.644080 0.096875 0.081868
9 0.403125 0.648896 0.129167 0.091499
9 0.419271 0.661236 0.161458 0.116180
6 0.564583 0.710597 0.064583 0.034312
6 0.596875 0.712403 0.064583 0.034312
0 0.629167 0.609768 0.064583 0.239583
5 0.709896 0.211867 0.032292 0.392483
0 0.822917 0.289822 0.064583 0.171561
3 0.871354 0.278685 0.096875 0.193834
