7 0.047917 0.154408 0.064583 0.213287
1 0.112500 0.141260 0.064583 0.105183
7 0.144792 0.133956 0.064583 0.102261
7 0.209375 0.169017 0.064583 0.119792
9 0.322396 0.202617 0.096875 0.298018
9 0.338542 0.202617 0.129167 0.298018
9 0.354687 0.207000 0.161458 0.306784
9 0.386979 0.274200 0.161458 0.312627
8 0.677604 0.503557 0.096875 0.268801
1 0.726042 0.418826 0.064583 0.099340
9 0.774479 0.474339 0.096875 0.181148
9 0.790625 0.502096 0.129167 0.236662
9 0.806771 0.509400 0.161458 0.251270
9 0.839063 0.556148 0.161458 0.280488
6 0.919792 0.626270 0.064583 0.140244
