1 0.080208 0.529254 0.064583 0.044005
9 0.128646 0.550547 0.096875 0.086591
4 0.193229 0.684692 0.032292 0.099366
9 0.144792 0.620813 0.129167 0.227123
9 0.160938 0.620813 0.161458 0.227123
0 0.241667 0.655118 0.064583 0.042112
8 0.290104 0.632643 0.096875 0.067191
9 0.386979 0.595262 0.096875 0.055834
6 0.435417 0.605908 0.064583 0.034542
3 0.483854 0.599284 0.096875 0.044005
6 0.500000 0.592896 0.064583 0.031229
0 0.532292 0.578701 0.064583 0.070976
6 0.596875 0.531620 0.064583 0.049683
8 0.580729 0.560484 0.096875 0.107410
8 0.596875 0.543450 0.129167 0.141479
8 0.613021 0.531147 0.161458 0.166084
8 0.774479 0.378785 0.096875 0.180279
8 0.790625 0.320585 0.129167 0.296679
8 0.806771 0.309939 0.161458 0.317972
8 0.839063 0.284151 0.161458 0.341158
8 0.871354 0.213175 0.161458 0.301411
8 0.903646 0.149296 0.161458 0.267343
