9 0.096354 0.550796 0.096875 0.116282
6 0.241667 0.603444 0.064583 0.040287
6 0.273958 0.605733 0.064583 0.035709
9 0.354687 0.602528 0.096875 0.095223
9 0.370833 0.612600 0.129167 0.115366
6 0.435417 0.649682 0.064583 0.041202
6 0.467708 0.652428 0.064583 0.046696
6 0.500000 0.653802 0.064583 0.047612
0 0.532292 0.647393 0.064583 0.069586
2 0.516146 0.647393 0.096875 0.069586
6 0.596875 0.633201 0.064583 0.043033
6 0.629167 0.632743 0.064583 0.040287
8 0.645312 0.608937 0.096875 0.087898
6 0.726042 0.576433 0.064583 0.055852
8 0.774479 0.466561 0.096875 0.275597
8 0.790625 0.394686 0.129167 0.419347
1 0.855208 0.299463 0.064583 0.228901
8 0.935937 0.196915 0.096875 0.362580
