9 0.128646 0.145937 0.096875 0.207684
9 0.144792 0.145937 0.129167 0.207684
9 0.160938 0.148991 0.161458 0.213793
9 0.193229 0.195822 0.161458 0.217865
8 0.483854 0.355657 0.096875 0.187323
1 0.532292 0.296609 0.064583 0.069228
9 0.580729 0.335296 0.096875 0.126239
9 0.596875 0.354639 0.129167 0.164926
9 0.613021 0.359729 0.161458 0.175106
9 0.645312 0.392307 0.161458 0.195467
9 0.806771 0.488005 0.096875 0.175106
9 0.822917 0.500221 0.129167 0.199540
9 0.839063 0.557233 0.161458 0.313562
0 0.919792 0.620352 0.064583 0.228045
