7 0.047917 0.100015 0.064583 0.081520
7 0.112500 0.126423 0.064583 0.093001
9 0.225521 0.168905 0.096875 0.251448
9 0.241667 0.168905 0.129167 0.251448
9 0.257812 0.168905 0.161458 0.251448
9 0.290104 0.226887 0.161458 0.218151
8 0.580729 0.402556 0.096875 0.218151
9 0.677604 0.366389 0.096875 0.145817
9 0.693750 0.389352 0.129167 0.191743
9 0.709896 0.401408 0.161458 0.215855
9 0.742188 0.441019 0.161458 0.246855
0 0.822917 0.506465 0.064583 0.115965
9 0.903646 0.574206 0.096875 0.237670
9 0.919792 0.594873 0.129167 0.279004
