7 0.047917 0.125216 0.064583 0.204951
1 0.112500 0.128063 0.064583 0.111015
7 0.144792 0.120235 0.064583 0.101052
7 0.209375 0.152970 0.064583 0.115284
9 0.322396 0.205631 0.096875 0.311696
9 0.338542 0.205631 0.129167 0.311696
9 0.354687 0.205631 0.161458 0.311696
9 0.386979 0.277506 0.161458 0.270421
8 0.677604 0.495266 0.096875 0.270421
9 0.774479 0.450433 0.096875 0.180755
9 0.790625 0.478898 0.129167 0.237686
9 0.806771 0.493843 0.161458 0.267574
9 0.839063 0.542946 0.161458 0.306003
0 0.919792 0.624072 0.064583 0.143750
