8 0.064062 0.675847 0.096875 0.117057
6 0.144792 0.612395 0.064583 0.057981
8 0.193229 0.535269 0.096875 0.212234
8 0.209375 0.461972 0.129167 0.358828
8 0.225521 0.446109 0.161458 0.390554
8 0.257812 0.417666 0.161458 0.418997
8 0.290104 0.330693 0.161458 0.374144
8 0.322396 0.253567 0.161458 0.344606
8 0.354687 0.227312 0.161458 0.307411
7 0.500000 0.223483 0.064583 0.113775
1 0.596875 0.138699 0.064583 0.099553
7 0.693750 0.217466 0.064583 0.134561
8 0.709896 0.180270 0.096875 0.208952
5 0.839063 0.089469 0.032292 0.049230
7 0.952083 0.074700 0.064583 0.072203
