5 0.096354 0.112956 0.032292 0.194661
3 0.096354 0.176060 0.096875 0.320871
5 0.225521 0.147182 0.032292 0.156157
0 0.370833 0.431687 0.064583 0.130487
1 0.435417 0.336495 0.064583 0.089844
8 0.516146 0.297991 0.096875 0.209635
7 0.564583 0.254139 0.064583 0.121931
2 0.613021 0.266973 0.096875 0.134766
1 0.661458 0.288365 0.064583 0.091983
9 0.709896 0.337565 0.096875 0.190383
4 0.774479 0.627418 0.032292 0.213914
9 0.726042 0.488374 0.129167 0.492002
9 0.742188 0.488374 0.161458 0.492002
0 0.822917 0.570731 0.064583 0.100539
