8 0.064062 0.673370 0.096875 0.122010
6 0.144792 0.608760 0.064583 0.057123
8 0.193229 0.531117 0.096875 0.211299
8 0.209375 0.462903 0.129167 0.347729
8 0.225521 0.450424 0.161458 0.372685
8 0.257812 0.420199 0.161458 0.399860
8 0.290104 0.337010 0.161458 0.353275
8 0.322396 0.262141 0.161458 0.313344
8 0.354687 0.246889 0.161458 0.298370
5 0.548438 0.110183 0.032292 0.084852
1 0.596875 0.165365 0.064583 0.095390
7 0.693750 0.246612 0.064583 0.124783
8 0.709896 0.211118 0.096875 0.195771
8 0.903646 0.068866 0.096875 0.106481
