0 0.080208 0.427273 0.064583 0.150878
1 0.144792 0.320945 0.064583 0.097417
8 0.225521 0.249664 0.096875 0.268492
7 0.273958 0.186105 0.064583 0.141374
2 0.322396 0.193233 0.096875 0.150878
1 0.370833 0.219370 0.064583 0.110485
9 0.419271 0.272831 0.096875 0.217407
4 0.483854 0.609633 0.032292 0.249484
9 0.435417 0.449251 0.129167 0.570248
9 0.451562 0.449251 0.161458 0.570248
0 0.532292 0.535382 0.064583 0.105733
8 0.580729 0.478951 0.096875 0.168698
9 0.677604 0.385098 0.096875 0.140186
3 0.774479 0.395196 0.096875 0.110485
0 0.822917 0.343518 0.064583 0.178202
8 0.871354 0.297779 0.096875 0.269680
8 0.887500 0.255010 0.129167 0.355217
8 0.903646 0.224122 0.161458 0.416994
