7 0.047917 0.099425 0.064583 0.128924
2 0.064062 0.089756 0.096875 0.148262
9 0.160938 0.191284 0.096875 0.280409
0 0.209375 0.209011 0.064583 0.244955
7 0.241667 0.200953 0.064583 0.235286
1 0.306250 0.186449 0.064583 0.116031
7 0.338542 0.178391 0.064583 0.112808
7 0.403125 0.217068 0.064583 0.132147
9 0.516146 0.254134 0.096875 0.328756
9 0.532292 0.254134 0.129167 0.328756
9 0.548438 0.258969 0.161458 0.338425
9 0.580729 0.333100 0.161458 0.344871
8 0.871354 0.586113 0.096875 0.296525
1 0.919792 0.492643 0.064583 0.109585
