7 0.047917 0.117051 0.064583 0.087653
7 0.112500 0.147104 0.064583 0.102679
9 0.225521 0.175904 0.096875 0.255444
9 0.241667 0.175904 0.129167 0.255444
9 0.257812 0.179660 0.161458 0.262957
9 0.290104 0.237261 0.161458 0.267966
8 0.580729 0.433852 0.096875 0.230401
1 0.629167 0.361226 0.064583 0.085148
9 0.677604 0.408809 0.096875 0.155270
9 0.693750 0.432600 0.129167 0.202853
9 0.709896 0.438861 0.161458 0.215375
9 0.742188 0.478931 0.161458 0.240418
6 0.822917 0.539035 0.064583 0.120209
9 0.903646 0.596636 0.096875 0.215375
9 0.919792 0.611662 0.129167 0.245427
