9 0.064062 0.165786 0.096875 0.293574
0 0.112500 0.184346 0.064583 0.256455
7 0.144792 0.175910 0.064583 0.246332
1 0.209375 0.160725 0.064583 0.121479
7 0.241667 0.152289 0.064583 0.118105
7 0.306250 0.192782 0.064583 0.138351
9 0.419271 0.231587 0.096875 0.344190
9 0.435417 0.231587 0.129167 0.344190
9 0.451562 0.236649 0.161458 0.354313
9 0.483854 0.314261 0.161458 0.361062
8 0.774479 0.579152 0.096875 0.310446
1 0.822917 0.481294 0.064583 0.114730
9 0.871354 0.545408 0.096875 0.209214
9 0.887500 0.577465 0.129167 0.273328
9 0.903646 0.585901 0.161458 0.290200
