6 0.144792 0.622046 0.064583 0.034563
6 0.177083 0.624010 0.064583 0.030635
9 0.257812 0.621260 0.096875 0.081694
9 0.273958 0.629901 0.129167 0.098975
6 0.338542 0.661715 0.064583 0.035348
6 0.370833 0.664071 0.064583 0.040061
6 0.403125 0.665249 0.064583 0.040847
0 0.435417 0.659751 0.064583 0.059700
2 0.419271 0.659751 0.096875 0.059700
6 0.500000 0.647575 0.064583 0.036919
6 0.532292 0.647182 0.064583 0.034563
8 0.548438 0.626759 0.096875 0.075410
6 0.629167 0.598873 0.064583 0.047917
8 0.677604 0.504611 0.096875 0.236441
8 0.693750 0.442947 0.129167 0.359768
1 0.758333 0.361253 0.064583 0.196380
8 0.839063 0.273275 0.096875 0.311066
8 0.855208 0.263064 0.129167 0.331489
5 0.968229 0.195509 0.032292 0.133538
