0 0.047917 0.697321 0.064583 0.074108
6 0.112500 0.646054 0.064583 0.056850
8 0.096354 0.676002 0.096875 0.116746
8 0.112500 0.657221 0.129167 0.154308
8 0.128646 0.647069 0.161458 0.174612
6 0.241667 0.555195 0.064583 0.053805
8 0.290104 0.483625 0.096875 0.196946
8 0.306250 0.415607 0.129167 0.332980
8 0.322396 0.400887 0.161458 0.362421
8 0.354687 0.374492 0.161458 0.388815
8 0.386979 0.293785 0.161458 0.347193
8 0.419271 0.222215 0.161458 0.319783
7 0.500000 0.117143 0.064583 0.123853
8 0.451562 0.197850 0.161458 0.285267
7 0.596875 0.194297 0.064583 0.105579
1 0.693750 0.115621 0.064583 0.092382
7 0.758333 0.188206 0.064583 0.125883
7 0.790625 0.188714 0.064583 0.124868
8 0.806771 0.154198 0.096875 0.193900
5 0.935937 0.069937 0.032292 0.045683
7 0.919792 0.079581 0.064583 0.064972
