0 0.047917 0.205075 0.064583 0.300799
5 0.096354 0.121696 0.032292 0.212142
3 0.096354 0.185550 0.096875 0.339850
0 0.370833 0.461545 0.064583 0.134040
1 0.435417 0.367084 0.064583 0.086545
8 0.516146 0.303758 0.096875 0.238528
7 0.564583 0.247293 0.064583 0.125597
2 0.613021 0.253625 0.096875 0.134040
1 0.661458 0.276845 0.064583 0.098155
9 0.709896 0.324339 0.096875 0.193144
4 0.774479 0.623554 0.032292 0.221641
9 0.726042 0.481071 0.129167 0.506608
9 0.742188 0.481071 0.161458 0.506608
0 0.822917 0.557590 0.064583 0.093934
8 0.871354 0.507457 0.096875 0.149871
