6 0.047917 0.714971 0.064583 0.038808
3 0.096354 0.707528 0.096875 0.049441
6 0.112500 0.700351 0.064583 0.035087
0 0.144792 0.684403 0.064583 0.079743
6 0.209375 0.631507 0.064583 0.055820
8 0.193229 0.663935 0.096875 0.120678
8 0.209375 0.644797 0.129167 0.158954
8 0.225521 0.630975 0.161458 0.186599
6 0.338542 0.534220 0.064583 0.054757
8 0.386979 0.459793 0.096875 0.202547
8 0.403125 0.394404 0.129167 0.333326
8 0.419271 0.382443 0.161458 0.357248
8 0.451562 0.353469 0.161458 0.383298
8 0.483854 0.273726 0.161458 0.338642
8 0.516146 0.201958 0.161458 0.300365
8 0.548438 0.187338 0.161458 0.286011
5 0.677604 0.176440 0.032292 0.106856
5 0.742188 0.056294 0.032292 0.081338
1 0.790625 0.109190 0.064583 0.091439
7 0.887500 0.187072 0.064583 0.119615
8 0.903646 0.153049 0.096875 0.187662
