6 0.047917 0.717881 0.064583 0.032989
6 0.112500 0.704885 0.064583 0.026991
0 0.144792 0.686891 0.064583 0.072975
6 0.209375 0.636409 0.064583 0.055981
8 0.193229 0.665899 0.096875 0.114960
8 0.209375 0.647405 0.129167 0.151947
8 0.225521 0.637409 0.161458 0.171940
6 0.338542 0.546940 0.064583 0.052982
8 0.386979 0.476465 0.096875 0.193933
8 0.403125 0.409488 0.129167 0.327886
8 0.419271 0.394993 0.161458 0.356876
8 0.451562 0.369002 0.161458 0.382867
8 0.483854 0.289530 0.161458 0.341881
8 0.516146 0.219054 0.161458 0.314890
7 0.596875 0.115590 0.064583 0.121958
8 0.548438 0.195063 0.161458 0.280902
7 0.693750 0.191564 0.064583 0.103964
1 0.790625 0.114091 0.064583 0.090968
7 0.855208 0.185566 0.064583 0.123957
7 0.887500 0.186066 0.064583 0.122957
8 0.903646 0.152078 0.096875 0.190934
