7 0.080208 0.205212 0.064583 0.071995
0 0.177083 0.424197 0.064583 0.152389
1 0.241667 0.316804 0.064583 0.098393
8 0.322396 0.244809 0.096875 0.271181
7 0.370833 0.180613 0.064583 0.142790
2 0.419271 0.187813 0.096875 0.152390
1 0.467708 0.214211 0.064583 0.111592
9 0.516146 0.268207 0.096875 0.219585
4 0.580729 0.608384 0.032292 0.251983
9 0.532292 0.446395 0.129167 0.575960
9 0.548438 0.446395 0.161458 0.575960
0 0.629167 0.533389 0.064583 0.106793
8 0.677604 0.476393 0.096875 0.170388
9 0.774479 0.381600 0.096875 0.141590
3 0.871354 0.391799 0.096875 0.111592
0 0.919792 0.339602 0.064583 0.179987
