0 0.047917 0.712528 0.064583 0.043694
8 0.096354 0.689208 0.096875 0.069715
9 0.193229 0.650423 0.096875 0.057932
6 0.241667 0.661469 0.064583 0.035839
3 0.290104 0.654596 0.096875 0.045658
6 0.306250 0.647968 0.064583 0.032403
0 0.338542 0.633239 0.064583 0.073642
6 0.403125 0.584390 0.064583 0.051550
8 0.386979 0.614338 0.096875 0.111445
8 0.403125 0.596664 0.129167 0.146794
8 0.419271 0.583899 0.161458 0.172323
8 0.580729 0.425813 0.096875 0.187052
8 0.596875 0.365427 0.129167 0.307825
8 0.613021 0.354380 0.161458 0.329918
8 0.645312 0.327623 0.161458 0.353975
8 0.677604 0.253981 0.161458 0.312735
8 0.709896 0.187703 0.161458 0.277386
7 0.790625 0.100805 0.064583 0.117337
8 0.742188 0.174202 0.161458 0.264131
5 0.871354 0.164137 0.032292 0.098681
5 0.935937 0.053183 0.032292 0.075115
