0 0.047917 0.712803 0.064583 0.043143
6 0.177083 0.639827 0.064583 0.038554
6 0.241667 0.660481 0.064583 0.030292
6 0.306250 0.648547 0.064583 0.024784
0 0.338542 0.632024 0.064583 0.067010
6 0.403125 0.585668 0.064583 0.051405
8 0.386979 0.612747 0.096875 0.105564
8 0.403125 0.595766 0.129167 0.139527
8 0.419271 0.586586 0.161458 0.157886
8 0.580729 0.438797 0.096875 0.178081
8 0.596875 0.377295 0.129167 0.301086
8 0.613021 0.363985 0.161458 0.327706
8 0.645312 0.340118 0.161458 0.351573
8 0.677604 0.267142 0.161458 0.313937
8 0.709896 0.202427 0.161458 0.289152
7 0.790625 0.107419 0.064583 0.111989
8 0.742188 0.180396 0.161458 0.257942
7 0.887500 0.177183 0.064583 0.095466
