6 0.047917 0.545589 0.064583 0.037302
1 0.080208 0.544680 0.064583 0.039122
9 0.128646 0.565605 0.096875 0.080973
4 0.193229 0.688884 0.032292 0.090981
9 0.144792 0.629747 0.129167 0.209256
9 0.160938 0.629747 0.161458 0.209256
0 0.241667 0.664774 0.064583 0.042761
6 0.370833 0.592445 0.064583 0.038212
6 0.435417 0.612915 0.064583 0.030024
6 0.500000 0.601088 0.064583 0.024565
0 0.532292 0.584711 0.064583 0.066416
6 0.596875 0.538766 0.064583 0.050949
8 0.580729 0.565605 0.096875 0.104628
8 0.596875 0.548774 0.129167 0.138291
8 0.613021 0.539676 0.161458 0.156487
8 0.774479 0.393196 0.096875 0.176503
8 0.790625 0.332239 0.129167 0.298418
8 0.806771 0.319047 0.161458 0.324802
8 0.839063 0.295392 0.161458 0.348457
8 0.871354 0.223062 0.161458 0.311155
8 0.903646 0.158920 0.161458 0.286590
