9 0.064062 0.095601 0.096875 0.159953
9 0.080208 0.095601 0.129167 0.159953
9 0.096354 0.114297 0.161458 0.197345
7 0.209375 0.212450 0.064583 0.073745
8 0.386979 0.273212 0.096875 0.197345
7 0.435417 0.208296 0.064583 0.067513
9 0.483854 0.240494 0.096875 0.131909
9 0.500000 0.261267 0.129167 0.173456
9 0.516146 0.272173 0.161458 0.195267
9 0.548438 0.308007 0.161458 0.223311
0 0.629167 0.367210 0.064583 0.104904
9 0.709896 0.428491 0.096875 0.215002
9 0.726042 0.447187 0.129167 0.252393
9 0.742188 0.513661 0.161458 0.385342
0 0.822917 0.592079 0.064583 0.284592
