4 0.096354 0.690442 0.032292 0.087867
9 0.064062 0.647826 0.096875 0.173098
9 0.080208 0.647826 0.129167 0.173098
0 0.144792 0.667157 0.064583 0.041297
6 0.273958 0.597303 0.064583 0.036904
6 0.338542 0.617073 0.064583 0.028996
6 0.403125 0.605650 0.064583 0.023724
0 0.435417 0.589834 0.064583 0.064143
6 0.500000 0.545461 0.064583 0.049205
8 0.483854 0.571382 0.096875 0.101047
8 0.500000 0.555127 0.129167 0.133557
8 0.516146 0.546340 0.161458 0.151131
8 0.677604 0.404875 0.096875 0.170462
8 0.693750 0.346004 0.129167 0.288203
8 0.709896 0.333263 0.161458 0.313684
8 0.742188 0.310418 0.161458 0.336530
8 0.774479 0.240564 0.161458 0.300504
8 0.806771 0.178618 0.161458 0.276780
7 0.887500 0.087676 0.064583 0.107198
8 0.839063 0.157530 0.161458 0.246906
