1 0.047917 0.420542 0.064583 0.073949
8 0.128646 0.366433 0.096875 0.203811
2 0.225521 0.323596 0.096875 0.114531
1 0.273958 0.343436 0.064583 0.083869
9 0.322396 0.384018 0.096875 0.165033
4 0.386979 0.639684 0.032292 0.189382
9 0.338542 0.517938 0.129167 0.432873
9 0.354687 0.517938 0.161458 0.432873
0 0.435417 0.583320 0.064583 0.080262
8 0.483854 0.540484 0.096875 0.128058
9 0.580729 0.469240 0.096875 0.106415
3 0.677604 0.476906 0.096875 0.083869
0 0.726042 0.437676 0.064583 0.135273
8 0.774479 0.402956 0.096875 0.204713
8 0.790625 0.370491 0.129167 0.269644
8 0.806771 0.347044 0.161458 0.316539
