6 0.047917 0.701355 0.064583 0.066040
8 0.096354 0.611591 0.096875 0.244285
8 0.112500 0.532727 0.129167 0.402013
8 0.128646 0.518301 0.161458 0.430865
8 0.160938 0.483357 0.161458 0.462283
8 0.193229 0.387182 0.161458 0.408424
8 0.225521 0.300624 0.161458 0.362260
8 0.257812 0.282992 0.161458 0.344949
5 0.451562 0.124944 0.032292 0.098099
1 0.500000 0.188741 0.064583 0.110281
8 0.613021 0.241637 0.096875 0.226333
8 0.806771 0.077177 0.096875 0.123104
5 0.935937 0.081665 0.032292 0.046164
9 0.903646 0.092886 0.096875 0.121181
