9 0.064062 0.661495 0.096875 0.087121
9 0.080208 0.670709 0.129167 0.105551
6 0.144792 0.704636 0.064583 0.037697
6 0.177083 0.707150 0.064583 0.042723
6 0.209375 0.708406 0.064583 0.043561
0 0.241667 0.702542 0.064583 0.063666
2 0.225521 0.702542 0.096875 0.063666
6 0.306250 0.689558 0.064583 0.039372
6 0.338542 0.689139 0.064583 0.036859
8 0.354687 0.667359 0.096875 0.080420
6 0.435417 0.637620 0.064583 0.051100
8 0.483854 0.537096 0.096875 0.252149
8 0.500000 0.471336 0.129167 0.383668
1 0.564583 0.384215 0.064583 0.209426
8 0.645312 0.290392 0.096875 0.331731
8 0.661458 0.279502 0.129167 0.353511
5 0.774479 0.207459 0.032292 0.142410
1 0.887500 0.243899 0.064583 0.096336
