9 0.064062 0.110290 0.096875 0.189329
9 0.080208 0.141845 0.129167 0.252439
9 0.096354 0.156745 0.161458 0.282241
9 0.128646 0.186547 0.161458 0.289253
9 0.160938 0.252287 0.161458 0.308537
9 0.322396 0.500343 0.096875 0.310290
0 0.370833 0.546799 0.064583 0.217378
0 0.435417 0.590625 0.064583 0.287500
8 0.483854 0.512614 0.096875 0.443521
1 0.596875 0.392531 0.064583 0.105183
6 0.661458 0.504726 0.064583 0.133232
9 0.645312 0.456517 0.096875 0.229649
9 0.661458 0.516997 0.129167 0.350610
6 0.726042 0.632698 0.064583 0.119207
9 0.935937 0.595008 0.096875 0.233155
