8 0.064062 0.353008 0.096875 0.596792
8 0.080208 0.333514 0.129167 0.635779
5 0.225521 0.199061 0.032292 0.194932
0 0.273958 0.244046 0.064583 0.274904
9 0.451562 0.386996 0.096875 0.228920
9 0.467708 0.448974 0.129167 0.352877
1 0.596875 0.631911 0.064583 0.204929
2 0.645312 0.617416 0.096875 0.175939
6 0.726042 0.523948 0.064583 0.218924
3 0.774479 0.505455 0.096875 0.249913
9 0.806771 0.546440 0.096875 0.331885
6 0.855208 0.645406 0.064583 0.133953
1 0.887500 0.676895 0.064583 0.076973
6 0.919792 0.678894 0.064583 0.072975
6 0.952083 0.690390 0.064583 0.055980
