6 0.047917 0.656989 0.064583 0.020069
9 0.096354 0.688454 0.096875 0.082998
6 0.144792 0.719748 0.064583 0.029253
6 0.209375 0.713285 0.064583 0.027893
6 0.273958 0.701210 0.064583 0.037077
6 0.306250 0.704271 0.064583 0.020069
6 0.370833 0.711755 0.064583 0.028913
6 0.435417 0.709203 0.064583 0.018368
6 0.467708 0.706652 0.064583 0.025512
8 0.516146 0.549500 0.096875 0.339816
8 0.645312 0.332140 0.096875 0.190828
8 0.661458 0.221590 0.129167 0.411929
2 0.774479 0.151687 0.096875 0.148988
8 0.806771 0.156960 0.096875 0.138444
5 0.871354 0.111889 0.032292 0.124497
0 0.919792 0.178220 0.064583 0.065310
7 0.952083 0.218868 0.064583 0.147288
