5 0.128646 0.159768 0.032292 0.153176
0 0.177083 0.195116 0.064583 0.216018
9 0.354687 0.307445 0.096875 0.179884
9 0.370833 0.356147 0.129167 0.277288
1 0.500000 0.499898 0.064583 0.161031
2 0.548438 0.488508 0.096875 0.138251
3 0.677604 0.400529 0.096875 0.196380
9 0.709896 0.432736 0.096875 0.260792
6 0.758333 0.510502 0.064583 0.105260
1 0.790625 0.535246 0.064583 0.060485
6 0.822917 0.536817 0.064583 0.057343
6 0.855208 0.545850 0.064583 0.043989
6 0.919792 0.622046 0.064583 0.108402
9 0.935937 0.651110 0.096875 0.166530
