6 0.047917 0.638942 0.064583 0.025549
6 0.080208 0.630113 0.064583 0.041705
6 0.144792 0.607570 0.064583 0.024422
6 0.209375 0.620720 0.064583 0.029682
6 0.241667 0.622787 0.064583 0.033815
9 0.257812 0.630864 0.096875 0.049971
0 0.306250 0.646269 0.064583 0.019162
6 0.338542 0.648899 0.064583 0.022167
9 0.386979 0.683653 0.096875 0.091675
6 0.435417 0.718219 0.064583 0.032312
6 0.500000 0.711080 0.064583 0.030809
6 0.564583 0.697742 0.064583 0.040953
6 0.596875 0.701124 0.064583 0.022167
6 0.661458 0.709390 0.064583 0.031936
6 0.726042 0.706572 0.064583 0.020289
6 0.758333 0.703754 0.064583 0.028179
8 0.806771 0.530172 0.096875 0.375343
8 0.935937 0.290088 0.096875 0.210778
