6 0.080208 0.708092 0.064583 0.037449
6 0.112500 0.711184 0.064583 0.020271
6 0.177083 0.718743 0.064583 0.029204
6 0.241667 0.716166 0.064583 0.018553
6 0.273958 0.713589 0.064583 0.025768
8 0.322396 0.554859 0.096875 0.343227
8 0.451562 0.335318 0.096875 0.192743
8 0.467708 0.223657 0.129167 0.416064
2 0.580729 0.153053 0.096875 0.150484
8 0.613021 0.158379 0.096875 0.139833
5 0.677604 0.112856 0.032292 0.125747
0 0.726042 0.179852 0.064583 0.065966
7 0.758333 0.220909 0.064583 0.148766
0 0.822917 0.301648 0.064583 0.083488
