9 0.160938 0.110290 0.096875 0.189329
9 0.177083 0.141845 0.129167 0.252439
9 0.193229 0.156745 0.161458 0.282241
9 0.225521 0.186547 0.161458 0.289253
9 0.257812 0.252287 0.161458 0.308537
9 0.419271 0.500343 0.096875 0.310290
0 0.467708 0.546799 0.064583 0.217378
0 0.532292 0.590625 0.064583 0.287500
8 0.580729 0.512614 0.096875 0.443521
1 0.693750 0.392531 0.064583 0.105183
6 0.758333 0.504726 0.064583 0.133232
9 0.742188 0.456517 0.096875 0.229649
9 0.758333 0.516997 0.129167 0.350610
6 0.822917 0.632698 0.064583 0.119207
