6 0.080208 0.611515 0.064583 0.028555
9 0.064062 0.601183 0.096875 0.049219
9 0.080208 0.614145 0.129167 0.075144
6 0.144792 0.638942 0.064583 0.025549
6 0.177083 0.630113 0.064583 0.041705
6 0.241667 0.607570 0.064583 0.024422
6 0.306250 0.620720 0.064583 0.029682
6 0.338542 0.622787 0.064583 0.033815
9 0.354687 0.630864 0.096875 0.049971
0 0.403125 0.646269 0.064583 0.019162
6 0.435417 0.648899 0.064583 0.022167
9 0.483854 0.683653 0.096875 0.091675
6 0.532292 0.718219 0.064583 0.032312
6 0.596875 0.711080 0.064583 0.030809
6 0.661458 0.697742 0.064583 0.040953
6 0.693750 0.701124 0.064583 0.022167
6 0.758333 0.709390 0.064583 0.031936
6 0.822917 0.706572 0.064583 0.020289
6 0.855208 0.703754 0.064583 0.028179
8 0.903646 0.530172 0.096875 0.375343
