6 0.047917 0.619572 0.064583 0.022110
6 0.112500 0.631478 0.064583 0.026872
6 0.144792 0.633349 0.064583 0.030614
9 0.160938 0.640662 0.096875 0.045241
0 0.209375 0.654608 0.064583 0.017348
6 0.241667 0.656989 0.064583 0.020069
9 0.290104 0.688454 0.096875 0.082998
6 0.338542 0.719748 0.064583 0.029253
6 0.403125 0.713285 0.064583 0.027893
6 0.467708 0.701210 0.064583 0.037077
6 0.500000 0.704271 0.064583 0.020069
6 0.564583 0.711755 0.064583 0.028913
6 0.629167 0.709203 0.064583 0.018368
6 0.661458 0.706652 0.064583 0.025512
8 0.709896 0.549500 0.096875 0.339816
8 0.839063 0.332140 0.096875 0.190828
8 0.855208 0.221590 0.129167 0.411929
