6 0.047917 0.719748 0.064583 0.029253
6 0.112500 0.713285 0.064583 0.027893
6 0.177083 0.701210 0.064583 0.037077
6 0.209375 0.704271 0.064583 0.020069
6 0.273958 0.711755 0.064583 0.028913
6 0.338542 0.709203 0.064583 0.018368
6 0.370833 0.706652 0.064583 0.025512
8 0.419271 0.549500 0.096875 0.339816
8 0.548438 0.332140 0.096875 0.190828
8 0.564583 0.221590 0.129167 0.411929
2 0.677604 0.151687 0.096875 0.148988
8 0.709896 0.156960 0.096875 0.138444
5 0.774479 0.111889 0.032292 0.124497
0 0.822917 0.178220 0.064583 0.065310
7 0.855208 0.218868 0.064583 0.147288
0 0.919792 0.298805 0.064583 0.082658
