0 0.047917 0.574930 0.064583 0.182936
6 0.112500 0.578929 0.064583 0.144950
2 0.128646 0.441477 0.096875 0.419854
8 0.160938 0.353008 0.096875 0.596792
8 0.177083 0.333514 0.129167 0.635779
5 0.322396 0.199061 0.032292 0.194932
0 0.370833 0.244046 0.064583 0.274904
9 0.548438 0.386996 0.096875 0.228920
9 0.564583 0.448974 0.129167 0.352877
1 0.693750 0.631911 0.064583 0.204929
2 0.742188 0.617416 0.096875 0.175939
6 0.822917 0.523948 0.064583 0.218924
3 0.871354 0.505455 0.096875 0.249913
9 0.903646 0.546440 0.096875 0.331885
6 0.952083 0.645406 0.064583 0.133953
