0 0.047917 0.223486 0.064583 0.185372
5 0.193229 0.191862 0.032292 0.134040
7 0.177083 0.199756 0.064583 0.157968
9 0.160938 0.164558 0.096875 0.228364
9 0.177083 0.233663 0.129167 0.366573
8 0.386979 0.209436 0.096875 0.295880
3 0.419271 0.209436 0.096875 0.295880
1 0.532292 0.236741 0.064583 0.153699
9 0.580729 0.281123 0.096875 0.242463
9 0.596875 0.447133 0.129167 0.574484
9 0.613021 0.447133 0.161458 0.574484
8 0.806771 0.272832 0.096875 0.484429
9 0.903646 0.285690 0.096875 0.239881
9 0.919792 0.299193 0.129167 0.266888
