8 0.064062 0.683257 0.096875 0.102236
6 0.112500 0.640676 0.064583 0.055387
8 0.080208 0.673679 0.129167 0.121392
6 0.144792 0.631445 0.064583 0.064778
8 0.225521 0.455066 0.096875 0.382640
9 0.322396 0.207452 0.096875 0.383653
9 0.338542 0.207452 0.129167 0.383653
0 0.403125 0.247738 0.064583 0.149406
0 0.532292 0.234051 0.064583 0.099622
2 0.516146 0.228449 0.096875 0.110827
7 0.661458 0.221298 0.064583 0.084895
9 0.645312 0.202383 0.096875 0.122726
9 0.661458 0.239521 0.129167 0.197003
8 0.871354 0.226501 0.096875 0.159011
3 0.903646 0.226501 0.096875 0.159011
