1 0.080208 0.649168 0.064583 0.127024
6 0.112500 0.651432 0.064583 0.131552
2 0.128646 0.660016 0.096875 0.148719
8 0.160938 0.666162 0.096875 0.136426
6 0.209375 0.576361 0.064583 0.192411
8 0.177083 0.607265 0.129167 0.254219
8 0.193229 0.589042 0.161458 0.290666
8 0.354687 0.222270 0.096875 0.279754
0 0.532292 0.161497 0.064583 0.159933
2 0.645312 0.196628 0.096875 0.140049
3 0.709896 0.187829 0.096875 0.124435
9 0.774479 0.203658 0.096875 0.122538
9 0.790625 0.203658 0.129167 0.122538
9 0.806771 0.236115 0.161458 0.187451
9 0.839063 0.293222 0.161458 0.176841
9 0.871354 0.307218 0.161458 0.204833
