6 0.112500 0.661489 0.064583 0.072944
9 0.128646 0.671615 0.096875 0.093195
9 0.144792 0.676861 0.129167 0.103687
0 0.209375 0.696920 0.064583 0.074911
8 0.257812 0.663090 0.096875 0.142570
8 0.273958 0.663090 0.129167 0.142570
8 0.290104 0.632694 0.161458 0.203362
1 0.370833 0.582220 0.064583 0.113601
6 0.403125 0.584245 0.064583 0.117651
2 0.419271 0.591921 0.096875 0.133003
8 0.451562 0.597418 0.096875 0.122010
6 0.500000 0.517107 0.064583 0.172079
8 0.467708 0.544745 0.129167 0.227355
8 0.483854 0.528448 0.161458 0.259950
8 0.645312 0.200433 0.096875 0.250191
0 0.822917 0.146082 0.064583 0.143032
2 0.935937 0.177501 0.096875 0.125250
