9 0.064062 0.569308 0.096875 0.108266
9 0.080208 0.593346 0.129167 0.156343
0 0.241667 0.679522 0.064583 0.063071
3 0.322396 0.636941 0.096875 0.097327
9 0.354687 0.652789 0.096875 0.129023
8 0.451562 0.683257 0.096875 0.102236
6 0.500000 0.640676 0.064583 0.055387
8 0.467708 0.673679 0.129167 0.121392
6 0.532292 0.631445 0.064583 0.064778
8 0.613021 0.455066 0.096875 0.382640
9 0.709896 0.207452 0.096875 0.383653
9 0.726042 0.207452 0.129167 0.383653
0 0.790625 0.247738 0.064583 0.149406
0 0.919792 0.234051 0.064583 0.099622
2 0.903646 0.228449 0.096875 0.110827
