0 0.144792 0.679522 0.064583 0.063071
3 0.225521 0.636941 0.096875 0.097327
9 0.257812 0.652789 0.096875 0.129023
8 0.354687 0.683257 0.096875 0.102236
6 0.403125 0.640676 0.064583 0.055387
8 0.370833 0.673679 0.129167 0.121392
6 0.435417 0.631445 0.064583 0.064778
8 0.516146 0.455066 0.096875 0.382640
9 0.613021 0.207452 0.096875 0.383653
9 0.629167 0.207452 0.129167 0.383653
0 0.693750 0.247738 0.064583 0.149406
0 0.822917 0.234051 0.064583 0.099622
2 0.806771 0.228449 0.096875 0.110827
7 0.952083 0.221298 0.064583 0.084895
9 0.935937 0.202383 0.096875 0.122726
