6 0.080208 0.676693 0.064583 0.068399
8 0.128646 0.621579 0.096875 0.175181
6 0.209375 0.616803 0.064583 0.067897
9 0.225521 0.626229 0.096875 0.086747
9 0.241667 0.631112 0.129167 0.096513
0 0.306250 0.649782 0.064583 0.069728
8 0.354687 0.618294 0.096875 0.132706
8 0.370833 0.618294 0.129167 0.132706
8 0.386979 0.590000 0.161458 0.189292
1 0.467708 0.543018 0.064583 0.105741
6 0.500000 0.544903 0.064583 0.109511
2 0.516146 0.552048 0.096875 0.123801
8 0.548438 0.557165 0.096875 0.113568
6 0.596875 0.482410 0.064583 0.160173
8 0.564583 0.508136 0.129167 0.211625
8 0.580729 0.492966 0.161458 0.241965
8 0.742188 0.187647 0.096875 0.232881
7 0.855208 0.206210 0.064583 0.118631
0 0.919792 0.137056 0.064583 0.133136
