9 0.064062 0.652789 0.096875 0.129023
8 0.160938 0.683257 0.096875 0.102236
6 0.209375 0.640676 0.064583 0.055387
8 0.177083 0.673679 0.129167 0.121392
6 0.241667 0.631445 0.064583 0.064778
8 0.322396 0.455066 0.096875 0.382640
9 0.419271 0.207452 0.096875 0.383653
9 0.435417 0.207452 0.129167 0.383653
0 0.500000 0.247738 0.064583 0.149406
0 0.629167 0.234051 0.064583 0.099622
2 0.613021 0.228449 0.096875 0.110827
7 0.758333 0.221298 0.064583 0.084895
9 0.742188 0.202383 0.096875 0.122726
9 0.758333 0.239521 0.129167 0.197003
