9 0.064062 0.652783 0.096875 0.163184
6 0.177083 0.630411 0.064583 0.063611
8 0.225521 0.579155 0.096875 0.162917
6 0.306250 0.574714 0.064583 0.063143
9 0.322396 0.583479 0.096875 0.080674
9 0.338542 0.588020 0.129167 0.089756
0 0.403125 0.605384 0.064583 0.064846
8 0.451562 0.576100 0.096875 0.123415
8 0.467708 0.576100 0.129167 0.123415
8 0.483854 0.549787 0.161458 0.176040
1 0.564583 0.506095 0.064583 0.098338
6 0.596875 0.507848 0.064583 0.101844
2 0.613021 0.514493 0.096875 0.115134
8 0.645312 0.519251 0.096875 0.105617
8 0.661458 0.473655 0.129167 0.196809
8 0.677604 0.459547 0.161458 0.225025
8 0.839063 0.175603 0.096875 0.216577
7 0.952083 0.192867 0.064583 0.110325
