8 0.193229 0.277036 0.096875 0.257778
3 0.225521 0.277036 0.096875 0.257778
1 0.338542 0.300824 0.064583 0.133906
9 0.386979 0.339491 0.096875 0.211239
9 0.403125 0.484123 0.129167 0.500504
9 0.419271 0.484123 0.161458 0.500504
8 0.613021 0.332268 0.096875 0.422046
9 0.709896 0.343470 0.096875 0.208990
9 0.726042 0.355234 0.129167 0.232519
0 0.790625 0.400216 0.064583 0.167988
8 0.839063 0.324353 0.096875 0.319713
8 0.855208 0.324353 0.129167 0.319713
8 0.871354 0.256189 0.161458 0.456042
1 0.952083 0.143000 0.064583 0.254750
