1 0.047917 0.554049 0.064583 0.055695
6 0.080208 0.549084 0.064583 0.045765
9 0.096354 0.570131 0.096875 0.087860
9 0.112500 0.630288 0.129167 0.208174
9 0.128646 0.630288 0.161458 0.208174
6 0.273958 0.622355 0.064583 0.068540
8 0.322396 0.567127 0.096875 0.175541
6 0.403125 0.562342 0.064583 0.068036
9 0.419271 0.571786 0.096875 0.086925
9 0.435417 0.576680 0.129167 0.096711
0 0.500000 0.595389 0.064583 0.069871
8 0.548438 0.563835 0.096875 0.132978
8 0.564583 0.563835 0.129167 0.132978
8 0.580729 0.535484 0.161458 0.189681
1 0.661458 0.488405 0.064583 0.105958
2 0.709896 0.497454 0.096875 0.124055
8 0.742188 0.502581 0.096875 0.113801
8 0.758333 0.453452 0.129167 0.212059
8 0.774479 0.438251 0.161458 0.242462
8 0.935937 0.132305 0.096875 0.233359
