9 0.064062 0.700931 0.096875 0.055547
0 0.112500 0.696920 0.064583 0.074911
8 0.160938 0.663090 0.096875 0.142570
8 0.177083 0.663090 0.129167 0.142570
8 0.193229 0.632694 0.161458 0.203362
1 0.273958 0.582220 0.064583 0.113601
6 0.306250 0.584245 0.064583 0.117651
2 0.322396 0.591921 0.096875 0.133003
8 0.354687 0.597418 0.096875 0.122010
6 0.403125 0.517107 0.064583 0.172079
8 0.370833 0.544745 0.129167 0.227355
8 0.386979 0.528448 0.161458 0.259950
8 0.548438 0.200433 0.096875 0.250191
0 0.726042 0.146082 0.064583 0.143032
2 0.839063 0.177501 0.096875 0.125250
3 0.903646 0.169632 0.096875 0.111286
