5 0.096354 0.180305 0.032292 0.136895
7 0.080208 0.188366 0.064583 0.161333
9 0.064062 0.152419 0.096875 0.233229
9 0.080208 0.222996 0.129167 0.374383
7 0.241667 0.258031 0.064583 0.139633
8 0.290104 0.198253 0.096875 0.302183
3 0.322396 0.198253 0.096875 0.302183
1 0.435417 0.226139 0.064583 0.156973
9 0.483854 0.271467 0.096875 0.247628
9 0.500000 0.441014 0.129167 0.586722
9 0.516146 0.441014 0.161458 0.586722
8 0.709896 0.263000 0.096875 0.494749
9 0.806771 0.276131 0.096875 0.244992
9 0.822917 0.289922 0.129167 0.272573
0 0.887500 0.342652 0.064583 0.196926
8 0.935937 0.253721 0.096875 0.374788
