8 0.064062 0.663090 0.096875 0.142570
8 0.080208 0.663090 0.129167 0.142570
8 0.096354 0.632694 0.161458 0.203362
1 0.177083 0.582220 0.064583 0.113601
6 0.209375 0.584245 0.064583 0.117651
2 0.225521 0.591921 0.096875 0.133003
8 0.257812 0.597418 0.096875 0.122010
6 0.306250 0.517107 0.064583 0.172079
8 0.273958 0.544745 0.129167 0.227355
8 0.290104 0.528448 0.161458 0.259950
8 0.451562 0.200433 0.096875 0.250191
0 0.629167 0.146082 0.064583 0.143032
2 0.742188 0.177501 0.096875 0.125250
3 0.806771 0.169632 0.096875 0.111286
9 0.871354 0.183788 0.096875 0.109589
9 0.887500 0.183788 0.129167 0.109589
9 0.903646 0.212815 0.161458 0.167643
