1 0.144792 0.454122 0.064583 0.086559
9 0.193229 0.479116 0.096875 0.136548
9 0.209375 0.572609 0.129167 0.323533
9 0.225521 0.572609 0.161458 0.323533
6 0.370833 0.560279 0.064583 0.106521
8 0.419271 0.474447 0.096875 0.272816
9 0.516146 0.481689 0.096875 0.135094
9 0.532292 0.489293 0.129167 0.150303
0 0.596875 0.518370 0.064583 0.108590
8 0.645312 0.469331 0.096875 0.206667
8 0.661458 0.469331 0.129167 0.206667
8 0.677604 0.425269 0.161458 0.294792
1 0.758333 0.352102 0.064583 0.164674
2 0.806771 0.366165 0.096875 0.192800
8 0.839063 0.374133 0.096875 0.176864
8 0.855208 0.297779 0.129167 0.329572
8 0.871354 0.274155 0.161458 0.376821
