0 0.047917 0.556156 0.064583 0.356437
3 0.225521 0.256514 0.096875 0.144925
0 0.370833 0.265327 0.064583 0.201720
7 0.403125 0.261410 0.064583 0.193886
8 0.419271 0.235950 0.096875 0.244806
8 0.435417 0.216366 0.129167 0.283975
8 0.451562 0.203636 0.161458 0.309435
1 0.532292 0.088087 0.064583 0.144925
5 0.580729 0.131173 0.032292 0.094006
9 0.580729 0.110610 0.096875 0.189969
9 0.596875 0.151737 0.129167 0.272224
9 0.613021 0.164467 0.161458 0.297684
0 0.758333 0.280995 0.064583 0.154717
9 0.871354 0.252597 0.096875 0.309435
