0 0.080208 0.602801 0.064583 0.080908
8 0.128646 0.591018 0.096875 0.098190
8 0.144792 0.583163 0.129167 0.113900
8 0.160938 0.578057 0.161458 0.124112
1 0.241667 0.531711 0.064583 0.058128
6 0.273958 0.535246 0.064583 0.065198
9 0.290104 0.540745 0.096875 0.076195
9 0.306250 0.557241 0.129167 0.109187
9 0.322396 0.562346 0.161458 0.119399
6 0.403125 0.609870 0.064583 0.035348
6 0.435417 0.609478 0.064583 0.048702
0 0.467708 0.609085 0.064583 0.062056
9 0.580729 0.597695 0.096875 0.124112
6 0.629167 0.631865 0.064583 0.055772
1 0.693750 0.620868 0.064583 0.044775
9 0.742188 0.666035 0.096875 0.127254
6 0.790625 0.710417 0.064583 0.047917
8 0.839063 0.475546 0.096875 0.517657
9 0.935937 0.215932 0.096875 0.400615
