1 0.177083 0.434068 0.064583 0.125864
4 0.290104 0.629488 0.032292 0.209773
3 0.354687 0.494240 0.096875 0.085014
8 0.451562 0.433516 0.096875 0.153466
3 0.483854 0.413090 0.096875 0.112615
1 0.564583 0.441796 0.064583 0.046371
8 0.645312 0.400394 0.096875 0.144633
8 0.661458 0.367272 0.129167 0.210877
8 0.677604 0.367272 0.161458 0.210877
8 0.709896 0.348502 0.161458 0.235167
1 0.790625 0.261281 0.064583 0.109303
8 0.871354 0.207733 0.096875 0.220814
8 0.887500 0.174059 0.129167 0.288162
1 0.952083 0.091806 0.064583 0.152362
