1 0.080208 0.434068 0.064583 0.125864
4 0.193229 0.629488 0.032292 0.209773
3 0.257812 0.494240 0.096875 0.085014
8 0.354687 0.433516 0.096875 0.153466
3 0.386979 0.413090 0.096875 0.112615
1 0.467708 0.441796 0.064583 0.046371
8 0.548438 0.400394 0.096875 0.144633
8 0.564583 0.367272 0.129167 0.210877
8 0.580729 0.367272 0.161458 0.210877
8 0.613021 0.348502 0.161458 0.235167
1 0.693750 0.261281 0.064583 0.109303
8 0.774479 0.207733 0.096875 0.220814
8 0.790625 0.174059 0.129167 0.288162
1 0.855208 0.091806 0.064583 0.152362
7 0.887500 0.091806 0.064583 0.152362
1 0.919792 0.085182 0.064583 0.128072
