3 0.128646 0.321529 0.096875 0.184039
0 0.273958 0.332720 0.064583 0.256163
8 0.322396 0.295415 0.096875 0.310878
8 0.338542 0.270545 0.129167 0.360618
8 0.354687 0.254379 0.161458 0.392950
1 0.435417 0.107645 0.064583 0.184039
5 0.483854 0.162359 0.032292 0.119377
9 0.483854 0.136246 0.096875 0.241241
9 0.500000 0.188473 0.129167 0.345696
9 0.516146 0.204639 0.161458 0.378028
0 0.661458 0.352617 0.064583 0.196475
9 0.774479 0.316554 0.096875 0.392950
1 0.887500 0.389922 0.064583 0.141760
9 0.935937 0.532926 0.096875 0.402898
