6 0.080208 0.556051 0.064583 0.062168
0 0.177083 0.551688 0.064583 0.112339
8 0.225521 0.535328 0.096875 0.136333
8 0.241667 0.524422 0.129167 0.158147
8 0.257812 0.517332 0.161458 0.172326
1 0.338542 0.452983 0.064583 0.080709
9 0.386979 0.465525 0.096875 0.105795
9 0.403125 0.488430 0.129167 0.151603
9 0.419271 0.495519 0.161458 0.165781
0 0.564583 0.560414 0.064583 0.086163
9 0.677604 0.544599 0.096875 0.172326
6 0.726042 0.592043 0.064583 0.077437
1 0.790625 0.576774 0.064583 0.062168
9 0.839063 0.639487 0.096875 0.176688
6 0.887500 0.701110 0.064583 0.066531
8 0.935937 0.375000 0.096875 0.718750
