3 0.064062 0.684605 0.096875 0.099539
6 0.112500 0.662629 0.064583 0.084027
8 0.160938 0.613506 0.096875 0.179687
3 0.193229 0.589591 0.096875 0.131857
6 0.241667 0.619969 0.064583 0.071099
1 0.273958 0.623201 0.064583 0.054294
8 0.354687 0.574724 0.096875 0.169346
8 0.370833 0.535943 0.129167 0.246909
8 0.386979 0.535943 0.161458 0.246909
8 0.419271 0.513967 0.161458 0.275349
1 0.500000 0.411842 0.064583 0.127979
8 0.580729 0.349146 0.096875 0.258543
8 0.596875 0.309718 0.129167 0.337399
1 0.661458 0.213410 0.064583 0.178395
7 0.693750 0.213410 0.064583 0.178395
1 0.726042 0.205654 0.064583 0.149955
7 0.855208 0.164287 0.064583 0.152540
7 0.887500 0.162348 0.064583 0.156418
