6 0.047917 0.692459 0.064583 0.075586
1 0.080208 0.695895 0.064583 0.057720
8 0.160938 0.644359 0.096875 0.180031
8 0.177083 0.603131 0.129167 0.262488
8 0.193229 0.603131 0.161458 0.262488
8 0.225521 0.579768 0.161458 0.292722
1 0.306250 0.471200 0.064583 0.136054
8 0.386979 0.404547 0.096875 0.274856
8 0.403125 0.362631 0.129167 0.358688
1 0.467708 0.260247 0.064583 0.189651
7 0.500000 0.260247 0.064583 0.189651
1 0.532292 0.252002 0.064583 0.159417
7 0.661458 0.208025 0.064583 0.162165
7 0.693750 0.205963 0.064583 0.166288
3 0.806771 0.139311 0.096875 0.178657
2 0.871354 0.128316 0.096875 0.225382
