1 0.047917 0.531711 0.064583 0.058128
6 0.080208 0.535246 0.064583 0.065198
9 0.096354 0.540745 0.096875 0.076195
9 0.112500 0.557241 0.129167 0.109187
9 0.128646 0.562346 0.161458 0.119399
6 0.209375 0.609870 0.064583 0.035348
6 0.241667 0.609478 0.064583 0.048702
0 0.273958 0.609085 0.064583 0.062056
9 0.386979 0.597695 0.096875 0.124112
6 0.435417 0.631865 0.064583 0.055772
1 0.500000 0.620868 0.064583 0.044775
9 0.548438 0.666035 0.096875 0.127254
6 0.596875 0.710417 0.064583 0.047917
8 0.645312 0.475546 0.096875 0.517657
9 0.742188 0.215932 0.096875 0.400615
9 0.758333 0.215932 0.129167 0.400615
