2 0.064062 0.513783 0.096875 0.128557
8 0.096354 0.474340 0.096875 0.163618
8 0.112500 0.456809 0.129167 0.198679
1 0.273958 0.337017 0.064583 0.166540
4 0.386979 0.595592 0.032292 0.277566
3 0.451562 0.416635 0.096875 0.112487
8 0.548438 0.336287 0.096875 0.203061
3 0.580729 0.309261 0.096875 0.149009
1 0.661458 0.347243 0.064583 0.061357
8 0.742188 0.292461 0.096875 0.191375
8 0.758333 0.248635 0.129167 0.279027
8 0.774479 0.248635 0.161458 0.279027
8 0.806771 0.223800 0.161458 0.311166
1 0.887500 0.108391 0.064583 0.144626
