8 0.064062 0.644693 0.096875 0.179365
3 0.096354 0.620820 0.096875 0.131620
6 0.144792 0.651145 0.064583 0.070972
1 0.177083 0.654371 0.064583 0.054197
8 0.257812 0.605981 0.096875 0.169042
8 0.273958 0.567269 0.129167 0.246465
8 0.290104 0.567269 0.161458 0.246465
8 0.322396 0.545332 0.161458 0.274854
1 0.403125 0.443391 0.064583 0.127749
8 0.483854 0.380807 0.096875 0.258079
8 0.500000 0.341450 0.129167 0.336793
1 0.564583 0.245315 0.064583 0.178075
7 0.596875 0.245315 0.064583 0.178075
1 0.629167 0.237573 0.064583 0.149686
7 0.758333 0.196280 0.064583 0.152266
7 0.790625 0.194345 0.064583 0.156138
3 0.903646 0.131761 0.096875 0.167751
