8 0.064062 0.569416 0.096875 0.086407
8 0.080208 0.564310 0.129167 0.096619
1 0.144792 0.531711 0.064583 0.058128
6 0.177083 0.535246 0.064583 0.065198
9 0.193229 0.540745 0.096875 0.076195
9 0.209375 0.557241 0.129167 0.109187
9 0.225521 0.562346 0.161458 0.119399
6 0.306250 0.609870 0.064583 0.035348
6 0.338542 0.609478 0.064583 0.048702
0 0.370833 0.609085 0.064583 0.062056
9 0.483854 0.597695 0.096875 0.124112
6 0.532292 0.631865 0.064583 0.055772
1 0.596875 0.620868 0.064583 0.044775
9 0.645312 0.666035 0.096875 0.127254
6 0.693750 0.710417 0.064583 0.047917
8 0.742188 0.475546 0.096875 0.517657
9 0.839063 0.215932 0.096875 0.400615
9 0.855208 0.215932 0.129167 0.400615
