1 0.112500 0.332560 0.064583 0.094464
0 0.209375 0.198393 0.064583 0.236845
3 0.257812 0.166220 0.096875 0.301190
9 0.290104 0.155268 0.096875 0.279286
9 0.306250 0.189494 0.129167 0.347738
9 0.322396 0.189494 0.161458 0.347738
9 0.354687 0.228512 0.161458 0.269702
2 0.451562 0.246994 0.096875 0.131428
9 0.742188 0.409226 0.096875 0.116369
9 0.758333 0.468780 0.129167 0.235476
9 0.774479 0.519434 0.161458 0.336786
9 0.806771 0.551607 0.161458 0.321726
0 0.887500 0.678244 0.064583 0.112262
6 0.952083 0.642649 0.064583 0.109524
