9 0.064062 0.445191 0.096875 0.286377
0 0.112500 0.541586 0.064583 0.153483
0 0.338542 0.532227 0.064583 0.340658
3 0.516146 0.245850 0.096875 0.138509
0 0.661458 0.254272 0.064583 0.192790
7 0.693750 0.250529 0.064583 0.185303
8 0.709896 0.226196 0.096875 0.233968
8 0.726042 0.207479 0.129167 0.271403
8 0.742188 0.195313 0.161458 0.295736
1 0.822917 0.084879 0.064583 0.138509
5 0.871354 0.126058 0.032292 0.089844
9 0.871354 0.106405 0.096875 0.181559
9 0.887500 0.145711 0.129167 0.260173
9 0.903646 0.157878 0.161458 0.284505
