4 0.096354 0.633813 0.032292 0.201123
3 0.160938 0.504142 0.096875 0.081508
8 0.257812 0.445922 0.096875 0.147137
3 0.290104 0.426339 0.096875 0.107971
1 0.370833 0.453861 0.064583 0.044459
8 0.451562 0.414166 0.096875 0.138669
8 0.467708 0.382410 0.129167 0.202182
8 0.483854 0.382410 0.161458 0.202182
8 0.516146 0.364414 0.161458 0.225470
1 0.596875 0.280790 0.064583 0.104796
8 0.677604 0.229450 0.096875 0.211708
8 0.693750 0.197165 0.129167 0.276279
1 0.758333 0.118303 0.064583 0.146079
7 0.790625 0.118303 0.064583 0.146079
1 0.822917 0.111952 0.064583 0.122791
7 0.952083 0.078079 0.064583 0.124908
