8 0.064062 0.644359 0.096875 0.180031
8 0.080208 0.603131 0.129167 0.262488
8 0.096354 0.603131 0.161458 0.262488
8 0.128646 0.579768 0.161458 0.292722
1 0.209375 0.471200 0.064583 0.136054
8 0.290104 0.404547 0.096875 0.274856
8 0.306250 0.362631 0.129167 0.358688
1 0.370833 0.260247 0.064583 0.189651
7 0.403125 0.260247 0.064583 0.189651
1 0.435417 0.252002 0.064583 0.159417
7 0.564583 0.208025 0.064583 0.162165
7 0.596875 0.205963 0.064583 0.166288
3 0.709896 0.139311 0.096875 0.178657
2 0.774479 0.128316 0.096875 0.225382
7 0.919792 0.210773 0.064583 0.071463
