9 0.064062 0.115254 0.096875 0.199257
9 0.080208 0.115254 0.129167 0.199257
9 0.096354 0.115254 0.161458 0.199257
0 0.177083 0.184045 0.064583 0.099629
7 0.209375 0.201045 0.064583 0.065629
9 0.451562 0.301069 0.096875 0.086977
9 0.467708 0.331116 0.129167 0.147071
9 0.483854 0.365907 0.161458 0.216653
9 0.516146 0.381721 0.161458 0.226141
2 0.613021 0.476210 0.096875 0.120978
9 0.709896 0.550932 0.096875 0.265677
1 0.790625 0.636328 0.064583 0.196095
0 0.822917 0.630002 0.064583 0.208746
8 0.935937 0.448536 0.096875 0.171583
