1 0.177083 0.421349 0.064583 0.092006
9 0.225521 0.437605 0.096875 0.124519
4 0.290104 0.648941 0.032292 0.170867
8 0.322396 0.629572 0.096875 0.209607
6 0.370833 0.542063 0.064583 0.034589
6 0.403125 0.519926 0.064583 0.071944
8 0.451562 0.483954 0.096875 0.138354
3 0.483854 0.461126 0.096875 0.092697
6 0.629167 0.503669 0.064583 0.104457
8 0.677604 0.463201 0.096875 0.185395
8 0.693750 0.461126 0.129167 0.189545
8 0.709896 0.427229 0.161458 0.257339
8 0.871354 0.252557 0.096875 0.253880
8 0.887500 0.207937 0.129167 0.343118
