8 0.064062 0.552568 0.096875 0.090280
8 0.080208 0.550323 0.129167 0.094769
1 0.144792 0.517902 0.064583 0.050876
9 0.193229 0.528626 0.096875 0.072324
9 0.209375 0.538103 0.129167 0.091278
9 0.225521 0.544088 0.161458 0.103249
9 0.257812 0.569028 0.161458 0.087287
9 0.290104 0.577756 0.161458 0.100755
0 0.370833 0.606686 0.064583 0.052871
9 0.483854 0.597458 0.096875 0.108236
6 0.564583 0.640853 0.064583 0.041399
9 0.613021 0.656066 0.096875 0.071825
9 0.629167 0.674271 0.129167 0.108236
6 0.693750 0.714174 0.064583 0.040402
8 0.742188 0.478747 0.096875 0.511255
