0 0.112500 0.142051 0.064583 0.155545
3 0.160938 0.117724 0.096875 0.204199
9 0.193229 0.122516 0.096875 0.213782
9 0.209375 0.156426 0.129167 0.281602
9 0.225521 0.156426 0.161458 0.281602
9 0.257812 0.180384 0.161458 0.233686
9 0.290104 0.204343 0.161458 0.185769
0 0.370833 0.268477 0.064583 0.092885
9 0.645312 0.377580 0.096875 0.081090
9 0.661458 0.405593 0.129167 0.137115
9 0.677604 0.438029 0.161458 0.201987
9 0.709896 0.452772 0.161458 0.210833
2 0.806771 0.540865 0.096875 0.112789
6 0.855208 0.531650 0.064583 0.094359
9 0.903646 0.610529 0.096875 0.247692
