0 0.209375 0.171855 0.064583 0.192213
3 0.257812 0.141793 0.096875 0.252337
9 0.290104 0.147715 0.096875 0.264179
9 0.306250 0.189619 0.129167 0.347988
9 0.322396 0.189619 0.161458 0.347988
9 0.354687 0.219225 0.161458 0.288776
9 0.386979 0.248831 0.161458 0.229563
0 0.467708 0.328085 0.064583 0.114782
9 0.742188 0.462908 0.096875 0.100206
9 0.758333 0.497525 0.129167 0.169439
9 0.774479 0.537607 0.161458 0.249604
9 0.806771 0.555826 0.161458 0.260536
2 0.903646 0.664686 0.096875 0.139378
6 0.952083 0.653299 0.064583 0.116603
