7 0.080208 0.089526 0.064583 0.114428
9 0.064062 0.081183 0.096875 0.131115
9 0.080208 0.126477 0.129167 0.221704
9 0.096354 0.178923 0.161458 0.326596
9 0.128646 0.202762 0.161458 0.340900
2 0.225521 0.345201 0.096875 0.182370
9 0.322396 0.457841 0.096875 0.400498
1 0.403125 0.586572 0.064583 0.295605
0 0.435417 0.577037 0.064583 0.314677
8 0.548438 0.303483 0.096875 0.258655
8 0.564583 0.287391 0.129167 0.290837
7 0.629167 0.193227 0.064583 0.104892
2 0.677604 0.211702 0.096875 0.141843
8 0.806771 0.199186 0.096875 0.207401
8 0.822917 0.180115 0.129167 0.245543
8 0.839063 0.174751 0.161458 0.256271
1 0.919792 0.082374 0.064583 0.121580
