1 0.080208 0.442423 0.064583 0.085811
9 0.128646 0.457585 0.096875 0.116136
4 0.193229 0.654693 0.032292 0.159364
8 0.225521 0.636628 0.096875 0.195495
6 0.273958 0.555010 0.064583 0.032260
6 0.306250 0.534364 0.064583 0.067101
8 0.354687 0.500814 0.096875 0.129040
3 0.386979 0.479522 0.096875 0.086457
6 0.532292 0.519202 0.064583 0.097425
8 0.580729 0.481458 0.096875 0.172913
8 0.596875 0.479522 0.129167 0.176784
8 0.613021 0.447907 0.161458 0.240014
8 0.774479 0.284995 0.096875 0.236788
8 0.790625 0.243380 0.129167 0.320018
