3 0.064062 0.111435 0.096875 0.191620
9 0.096354 0.115932 0.096875 0.200613
9 0.112500 0.147753 0.129167 0.264256
9 0.128646 0.147753 0.161458 0.264256
9 0.160938 0.170236 0.161458 0.219292
9 0.193229 0.192718 0.161458 0.174326
0 0.273958 0.252902 0.064583 0.087163
9 0.548438 0.355284 0.096875 0.076095
9 0.564583 0.381572 0.129167 0.128669
9 0.580729 0.412010 0.161458 0.189545
9 0.613021 0.425845 0.161458 0.197847
2 0.709896 0.508512 0.096875 0.105841
9 0.806771 0.573884 0.096875 0.232435
1 0.887500 0.648595 0.064583 0.171559
0 0.919792 0.643061 0.064583 0.182628
