2 0.096354 0.506128 0.096875 0.083445
6 0.177083 0.516646 0.064583 0.096067
8 0.225521 0.498765 0.096875 0.122012
8 0.241667 0.487546 0.129167 0.144451
8 0.257812 0.484390 0.161458 0.150762
1 0.338542 0.430046 0.064583 0.071524
9 0.386979 0.445122 0.096875 0.101677
9 0.403125 0.458445 0.129167 0.128323
9 0.419271 0.466860 0.161458 0.145152
9 0.451562 0.501921 0.161458 0.122713
9 0.483854 0.514192 0.161458 0.141646
0 0.564583 0.554863 0.064583 0.074329
9 0.677604 0.541890 0.096875 0.152165
6 0.758333 0.602896 0.064583 0.058201
9 0.806771 0.624283 0.096875 0.100976
9 0.822917 0.649878 0.129167 0.152165
8 0.935937 0.375000 0.096875 0.718750
