9 0.064062 0.250601 0.096875 0.239183
2 0.128646 0.341947 0.096875 0.183894
9 0.225521 0.455529 0.096875 0.403846
1 0.306250 0.585337 0.064583 0.298077
0 0.338542 0.575721 0.064583 0.317308
8 0.451562 0.299880 0.096875 0.260817
8 0.467708 0.283654 0.129167 0.293269
7 0.532292 0.188702 0.064583 0.105769
2 0.580729 0.207332 0.096875 0.143029
8 0.709896 0.194712 0.096875 0.209135
8 0.726042 0.175481 0.129167 0.247596
8 0.742188 0.170072 0.161458 0.258413
1 0.822917 0.076923 0.064583 0.122596
7 0.887500 0.142428 0.064583 0.094952
9 0.871354 0.102764 0.096875 0.174279
9 0.887500 0.125601 0.129167 0.219952
9 0.903646 0.140024 0.161458 0.248798
