7 0.177083 0.122985 0.064583 0.108491
9 0.160938 0.115075 0.096875 0.124312
9 0.177083 0.158019 0.129167 0.210200
9 0.193229 0.207744 0.161458 0.309650
9 0.225521 0.230346 0.161458 0.323212
2 0.322396 0.365394 0.096875 0.172907
9 0.419271 0.472189 0.096875 0.379717
1 0.500000 0.594241 0.064583 0.280267
0 0.532292 0.585200 0.064583 0.298349
8 0.645312 0.325840 0.096875 0.245234
8 0.661458 0.310584 0.129167 0.275747
7 0.726042 0.221305 0.064583 0.099449
2 0.774479 0.238822 0.096875 0.134483
8 0.903646 0.226956 0.096875 0.196639
8 0.919792 0.208874 0.129167 0.232803
