9 0.128646 0.455529 0.096875 0.403846
1 0.209375 0.585337 0.064583 0.298077
0 0.241667 0.575721 0.064583 0.317308
8 0.354687 0.299880 0.096875 0.260817
8 0.370833 0.283654 0.129167 0.293269
7 0.435417 0.188702 0.064583 0.105769
2 0.483854 0.207332 0.096875 0.143029
8 0.613021 0.194712 0.096875 0.209135
8 0.629167 0.175481 0.129167 0.247596
8 0.645312 0.170072 0.161458 0.258413
1 0.726042 0.076923 0.064583 0.122596
7 0.790625 0.142428 0.064583 0.094952
9 0.774479 0.102764 0.096875 0.174279
9 0.790625 0.125601 0.129167 0.219952
9 0.806771 0.140024 0.161458 0.248798
9 0.839063 0.200120 0.161458 0.210336
9 0.871354 0.221154 0.161458 0.242789
0 0.952083 0.290865 0.064583 0.127404
