4 0.096354 0.662325 0.032292 0.144100
8 0.128646 0.645990 0.096875 0.176770
6 0.177083 0.572190 0.064583 0.029170
6 0.209375 0.553521 0.064583 0.060674
8 0.257812 0.523184 0.096875 0.116680
3 0.290104 0.503932 0.096875 0.078176
6 0.435417 0.539811 0.064583 0.088094
8 0.483854 0.505682 0.096875 0.156352
8 0.500000 0.503932 0.129167 0.159852
8 0.516146 0.475345 0.161458 0.217025
8 0.677604 0.328036 0.096875 0.214108
8 0.693750 0.290407 0.129167 0.289367
7 0.822917 0.159725 0.064583 0.101512
5 0.968229 0.111594 0.032292 0.088094
