8 0.064062 0.375000 0.096875 0.329744
8 0.080208 0.354486 0.129167 0.370772
7 0.144792 0.234441 0.064583 0.133721
2 0.193229 0.257994 0.096875 0.180827
8 0.322396 0.242039 0.096875 0.264403
8 0.338542 0.217726 0.129167 0.313029
8 0.354687 0.210888 0.161458 0.326704
1 0.435417 0.093122 0.064583 0.154995
7 0.500000 0.175938 0.064583 0.120045
9 0.483854 0.125793 0.096875 0.220336
9 0.500000 0.154664 0.129167 0.278079
9 0.516146 0.172899 0.161458 0.314548
9 0.548438 0.248877 0.161458 0.265922
9 0.580729 0.275469 0.161458 0.306950
0 0.661458 0.363603 0.064583 0.161073
9 0.774479 0.335492 0.096875 0.329744
9 0.903646 0.514039 0.096875 0.218816
9 0.919792 0.569503 0.129167 0.329744
