0 0.047917 0.575721 0.064583 0.317308
8 0.160938 0.299880 0.096875 0.260817
8 0.177083 0.283654 0.129167 0.293269
7 0.241667 0.188702 0.064583 0.105769
2 0.290104 0.207332 0.096875 0.143029
8 0.419271 0.194712 0.096875 0.209135
8 0.435417 0.175481 0.129167 0.247596
8 0.451562 0.170072 0.161458 0.258413
1 0.532292 0.076923 0.064583 0.122596
7 0.596875 0.142428 0.064583 0.094952
9 0.580729 0.102764 0.096875 0.174279
9 0.596875 0.125601 0.129167 0.219952
9 0.613021 0.140024 0.161458 0.248798
9 0.645312 0.200120 0.161458 0.210336
9 0.677604 0.221154 0.161458 0.242789
0 0.758333 0.290865 0.064583 0.127404
9 0.871354 0.268630 0.096875 0.260817
