5 0.031771 0.068985 0.032292 0.051127
1 0.080208 0.055087 0.064583 0.078923
1 0.144792 0.107454 0.064583 0.080413
7 0.177083 0.110681 0.064583 0.079916
9 0.193229 0.154858 0.096875 0.168271
7 0.241667 0.197298 0.064583 0.111188
7 0.273958 0.199780 0.064583 0.106224
9 0.322396 0.280192 0.096875 0.262086
1 0.403125 0.493385 0.064583 0.330089
0 0.435417 0.455413 0.064583 0.557925
0 0.532292 0.257607 0.064583 0.165293
0 0.596875 0.184640 0.064583 0.104735
7 0.693750 0.232044 0.064583 0.129057
8 0.806771 0.202262 0.096875 0.161818
8 0.822917 0.182407 0.129167 0.201528
9 0.935937 0.181414 0.096875 0.169760
