8 0.064062 0.679320 0.096875 0.110111
0 0.144792 0.631967 0.064583 0.048742
8 0.193229 0.571356 0.096875 0.168954
8 0.209375 0.538651 0.129167 0.234364
8 0.354687 0.412756 0.096875 0.133092
8 0.370833 0.405811 0.129167 0.146983
3 0.451562 0.368434 0.096875 0.145467
8 0.548438 0.377273 0.096875 0.121728
1 0.596875 0.378283 0.064583 0.076269
8 0.709896 0.440662 0.096875 0.101524
8 0.726042 0.439021 0.129167 0.104807
8 0.742188 0.401391 0.161458 0.180066
8 0.774479 0.380430 0.161458 0.142689
8 0.806771 0.302898 0.161458 0.289672
8 0.839063 0.263374 0.161458 0.368719
8 0.871354 0.208697 0.161458 0.354829
