7 0.080208 0.044404 0.064583 0.037881
5 0.225521 0.074906 0.032292 0.050672
8 0.193229 0.144518 0.096875 0.189896
8 0.209375 0.132711 0.129167 0.213510
1 0.273958 0.061131 0.064583 0.078221
1 0.338542 0.113032 0.064583 0.079697
7 0.370833 0.116230 0.064583 0.079205
9 0.386979 0.160014 0.096875 0.166774
7 0.435417 0.202077 0.064583 0.110198
7 0.467708 0.204537 0.064583 0.105279
9 0.516146 0.284234 0.096875 0.259754
1 0.596875 0.495529 0.064583 0.327152
0 0.629167 0.457895 0.064583 0.552960
0 0.726042 0.261850 0.064583 0.163822
0 0.790625 0.189532 0.064583 0.103803
7 0.887500 0.236514 0.064583 0.127909
