8 0.096354 0.198768 0.096875 0.366286
3 0.128646 0.133741 0.096875 0.236232
9 0.193229 0.318769 0.096875 0.372569
9 0.209375 0.348298 0.129167 0.431627
0 0.273958 0.480865 0.064583 0.166494
1 0.338542 0.418665 0.064583 0.103666
8 0.419271 0.303376 0.096875 0.305343
7 0.467708 0.231124 0.064583 0.163352
7 0.500000 0.224213 0.064583 0.149530
1 0.564583 0.160129 0.064583 0.141991
9 0.613021 0.205365 0.096875 0.232463
9 0.629167 0.411754 0.129167 0.645241
9 0.645312 0.411754 0.161458 0.645241
8 0.774479 0.392278 0.096875 0.202934
