9 0.064062 0.096079 0.096875 0.160908
9 0.080208 0.096079 0.129167 0.160908
9 0.096354 0.096079 0.161458 0.160908
7 0.273958 0.135772 0.064583 0.032864
5 0.419271 0.162235 0.032292 0.043962
8 0.386979 0.222628 0.096875 0.164749
8 0.403125 0.212385 0.129167 0.185236
1 0.467708 0.150284 0.064583 0.067863
1 0.532292 0.195312 0.064583 0.069143
7 0.564583 0.198087 0.064583 0.068717
9 0.580729 0.236073 0.096875 0.144689
9 0.709896 0.343843 0.096875 0.225356
1 0.790625 0.527158 0.064583 0.283829
0 0.822917 0.494507 0.064583 0.479736
0 0.919792 0.324423 0.064583 0.142128
