1 0.047917 0.058943 0.064583 0.086635
7 0.080208 0.062419 0.064583 0.086100
9 0.096354 0.110014 0.096875 0.181292
7 0.144792 0.155738 0.064583 0.119792
7 0.177083 0.158412 0.064583 0.114444
9 0.225521 0.245047 0.096875 0.282366
1 0.306250 0.474737 0.064583 0.355631
0 0.338542 0.433826 0.064583 0.601097
0 0.435417 0.220715 0.064583 0.178083
0 0.500000 0.142101 0.064583 0.112839
7 0.596875 0.193173 0.064583 0.139044
8 0.709896 0.161086 0.096875 0.174339
8 0.726042 0.139695 0.129167 0.217122
9 0.839063 0.138625 0.096875 0.182896
7 0.887500 0.227132 0.064583 0.093587
9 0.855208 0.160552 0.129167 0.226749
