8 0.064062 0.615537 0.096875 0.201052
8 0.080208 0.605046 0.129167 0.222034
3 0.160938 0.548583 0.096875 0.219745
6 0.209375 0.572427 0.064583 0.172057
8 0.257812 0.561936 0.096875 0.183884
1 0.306250 0.563462 0.064583 0.115214
6 0.370833 0.644531 0.064583 0.179688
8 0.419271 0.657693 0.096875 0.153364
8 0.435417 0.655213 0.129167 0.158323
8 0.451562 0.598369 0.161458 0.272011
8 0.483854 0.566705 0.161458 0.215549
8 0.516146 0.449584 0.161458 0.437583
8 0.548438 0.389878 0.161458 0.556993
8 0.580729 0.307283 0.161458 0.536011
