9 0.096354 0.318769 0.096875 0.372569
9 0.112500 0.348298 0.129167 0.431627
0 0.177083 0.480865 0.064583 0.166494
1 0.241667 0.418665 0.064583 0.103666
8 0.322396 0.303376 0.096875 0.305343
7 0.370833 0.231124 0.064583 0.163352
7 0.403125 0.224213 0.064583 0.149530
1 0.467708 0.160129 0.064583 0.141991
9 0.516146 0.205365 0.096875 0.232463
9 0.532292 0.411754 0.129167 0.645241
9 0.548438 0.411754 0.161458 0.645241
8 0.677604 0.392278 0.096875 0.202934
3 0.871354 0.344843 0.096875 0.116860
0 0.919792 0.313115 0.064583 0.186599
