0 0.047917 0.692714 0.064583 0.083321
6 0.112500 0.633520 0.064583 0.058633
8 0.096354 0.669289 0.096875 0.130172
8 0.112500 0.661153 0.129167 0.146443
8 0.128646 0.633941 0.161458 0.200869
0 0.241667 0.542063 0.064583 0.054145
8 0.290104 0.474733 0.096875 0.187683
8 0.306250 0.438403 0.129167 0.260343
8 0.451562 0.298552 0.096875 0.147846
8 0.467708 0.290837 0.129167 0.163276
3 0.548438 0.249317 0.096875 0.161592
8 0.645312 0.259136 0.096875 0.135222
1 0.693750 0.260258 0.064583 0.084724
8 0.806771 0.329552 0.096875 0.112778
8 0.822917 0.327729 0.129167 0.116425
8 0.839063 0.285928 0.161458 0.200027
7 0.919792 0.226172 0.064583 0.085565
8 0.871354 0.262643 0.161458 0.158507
8 0.903646 0.176516 0.161458 0.321782
