0 0.047917 0.707036 0.064583 0.054678
8 0.096354 0.639042 0.096875 0.189532
8 0.112500 0.602354 0.129167 0.262909
8 0.257812 0.461125 0.096875 0.149303
8 0.273958 0.453334 0.129167 0.164885
3 0.354687 0.411405 0.096875 0.163185
8 0.451562 0.421321 0.096875 0.136554
1 0.500000 0.422454 0.064583 0.085559
8 0.613021 0.492431 0.096875 0.113889
8 0.629167 0.490589 0.129167 0.117572
8 0.645312 0.448376 0.161458 0.201998
8 0.677604 0.424862 0.161458 0.160069
8 0.709896 0.337887 0.161458 0.324953
8 0.742188 0.293549 0.161458 0.413628
8 0.774479 0.232213 0.161458 0.398047
