1 0.080208 0.453512 0.064583 0.069447
9 0.128646 0.475637 0.096875 0.113697
9 0.144792 0.576582 0.129167 0.315586
9 0.160938 0.576582 0.161458 0.315586
8 0.290104 0.567056 0.096875 0.099254
3 0.483854 0.543856 0.096875 0.057156
0 0.532292 0.528337 0.064583 0.091265
8 0.580729 0.502679 0.096875 0.142582
8 0.596875 0.493767 0.129167 0.160405
8 0.613021 0.463960 0.161458 0.220019
0 0.726042 0.363323 0.064583 0.059307
8 0.774479 0.289574 0.096875 0.205577
8 0.790625 0.249780 0.129167 0.285165
8 0.935937 0.096596 0.096875 0.161942
