0 0.080208 0.500114 0.064583 0.153852
1 0.144792 0.442637 0.064583 0.095795
8 0.225521 0.336102 0.096875 0.282159
7 0.273958 0.269336 0.064583 0.150949
7 0.306250 0.262949 0.064583 0.138177
1 0.370833 0.203731 0.064583 0.131210
9 0.419271 0.245532 0.096875 0.214812
9 0.435417 0.436250 0.129167 0.596249
9 0.451562 0.436250 0.161458 0.596249
8 0.580729 0.418253 0.096875 0.187525
3 0.774479 0.374419 0.096875 0.107987
0 0.822917 0.345100 0.064583 0.172431
8 0.871354 0.296623 0.096875 0.269386
8 0.887500 0.279786 0.129167 0.303060
8 0.903646 0.223470 0.161458 0.415691
