6 0.047917 0.289599 0.064583 0.547948
8 0.096354 0.424858 0.096875 0.275455
8 0.112500 0.327857 0.129167 0.469458
8 0.290104 0.313541 0.096875 0.287796
3 0.322396 0.262448 0.096875 0.185611
9 0.386979 0.407827 0.096875 0.292733
9 0.403125 0.431029 0.129167 0.339136
0 0.467708 0.535188 0.064583 0.130817
1 0.532292 0.486317 0.064583 0.081452
8 0.613021 0.395733 0.096875 0.239912
1 0.758333 0.283182 0.064583 0.111564
9 0.806771 0.318724 0.096875 0.182649
9 0.822917 0.480887 0.129167 0.506975
9 0.839063 0.480887 0.161458 0.506975
