8 0.064062 0.468215 0.096875 0.532320
8 0.193229 0.295101 0.096875 0.188116
8 0.209375 0.228856 0.129167 0.320606
8 0.386979 0.219080 0.096875 0.196544
3 0.419271 0.184187 0.096875 0.126759
9 0.483854 0.283471 0.096875 0.199915
9 0.500000 0.299315 0.129167 0.231605
0 0.564583 0.370449 0.064583 0.089338
1 0.629167 0.337073 0.064583 0.055626
8 0.709896 0.275211 0.096875 0.163843
7 0.758333 0.236442 0.064583 0.087653
7 0.790625 0.232733 0.064583 0.080236
1 0.855208 0.198347 0.064583 0.076190
9 0.903646 0.222620 0.096875 0.124736
9 0.919792 0.333365 0.129167 0.346227
