7 0.047917 0.142978 0.064583 0.122433
7 0.080208 0.145710 0.064583 0.116968
9 0.128646 0.234256 0.096875 0.288593
1 0.209375 0.469011 0.064583 0.363474
0 0.241667 0.427198 0.064583 0.614354
0 0.338542 0.209387 0.064583 0.182011
0 0.403125 0.129040 0.064583 0.115328
7 0.500000 0.181238 0.064583 0.142110
8 0.613021 0.148443 0.096875 0.178184
8 0.629167 0.126580 0.129167 0.221910
9 0.742188 0.125487 0.096875 0.186930
7 0.790625 0.215946 0.064583 0.095651
9 0.758333 0.147897 0.129167 0.231749
9 0.903646 0.337286 0.096875 0.238854
