3 0.096354 0.690090 0.096875 0.065373
0 0.144792 0.672341 0.064583 0.104386
8 0.193229 0.642994 0.096875 0.163081
8 0.209375 0.632801 0.129167 0.183466
8 0.225521 0.598709 0.161458 0.251650
0 0.338542 0.483603 0.064583 0.067833
8 0.386979 0.399251 0.096875 0.235131
8 0.403125 0.353736 0.129167 0.326161
8 0.548438 0.178530 0.096875 0.185223
8 0.564583 0.168865 0.129167 0.204554
3 0.645312 0.116847 0.096875 0.202445
8 0.742188 0.129149 0.096875 0.169407
1 0.790625 0.130555 0.064583 0.106143
8 0.903646 0.217367 0.096875 0.141290
7 0.952083 0.184681 0.064583 0.085055
8 0.919792 0.215083 0.129167 0.145859
