8 0.160938 0.546501 0.096875 0.177915
8 0.177083 0.537217 0.129167 0.196483
3 0.257812 0.487252 0.096875 0.194457
6 0.306250 0.508352 0.064583 0.152257
8 0.354687 0.499068 0.096875 0.162723
1 0.403125 0.500418 0.064583 0.101955
6 0.467708 0.572158 0.064583 0.159010
8 0.516146 0.583806 0.096875 0.135715
8 0.532292 0.581611 0.129167 0.140104
8 0.548438 0.531309 0.161458 0.240709
8 0.580729 0.503288 0.161458 0.190744
8 0.613021 0.399645 0.161458 0.387227
8 0.645312 0.346810 0.161458 0.492896
8 0.677604 0.273720 0.161458 0.474328
