5 0.128646 0.068985 0.032292 0.051127
8 0.096354 0.139222 0.096875 0.191601
8 0.112500 0.127309 0.129167 0.215426
1 0.177083 0.055087 0.064583 0.078923
1 0.241667 0.107454 0.064583 0.080413
7 0.273958 0.110681 0.064583 0.079916
9 0.290104 0.154858 0.096875 0.168271
7 0.338542 0.197298 0.064583 0.111188
7 0.370833 0.199780 0.064583 0.106224
9 0.419271 0.280192 0.096875 0.262086
1 0.500000 0.493385 0.064583 0.330089
0 0.532292 0.455413 0.064583 0.557925
0 0.629167 0.257607 0.064583 0.165293
0 0.693750 0.184640 0.064583 0.104735
7 0.790625 0.232044 0.064583 0.129057
8 0.903646 0.202262 0.096875 0.161818
8 0.919792 0.182407 0.129167 0.201528
