7 0.177083 0.099984 0.064583 0.034829
5 0.322396 0.128029 0.032292 0.046590
8 0.290104 0.192033 0.096875 0.174599
8 0.306250 0.181177 0.129167 0.196311
1 0.370833 0.115364 0.064583 0.071920
1 0.435417 0.163084 0.064583 0.073277
7 0.467708 0.166024 0.064583 0.072825
9 0.483854 0.206281 0.096875 0.153339
7 0.532292 0.244956 0.064583 0.101322
9 0.613021 0.320494 0.096875 0.238830
1 0.693750 0.514769 0.064583 0.300798
0 0.726042 0.480166 0.064583 0.508417
0 0.822917 0.299913 0.064583 0.150625
0 0.887500 0.233421 0.064583 0.095441
