6 0.144792 0.617923 0.064583 0.197844
8 0.193229 0.570340 0.096875 0.288001
8 0.209375 0.559070 0.129167 0.310540
8 0.225521 0.531522 0.161458 0.365636
0 0.338542 0.277330 0.064583 0.237914
7 0.370833 0.277330 0.064583 0.237914
8 0.386979 0.247278 0.096875 0.298018
8 0.403125 0.208460 0.129167 0.375653
1 0.467708 0.222234 0.064583 0.413219
3 0.645312 0.252286 0.096875 0.227897
5 0.677604 0.252286 0.032292 0.227897
9 0.677604 0.271069 0.096875 0.265462
9 0.693750 0.271069 0.129167 0.265462
9 0.709896 0.271069 0.161458 0.265462
9 0.742188 0.274826 0.161458 0.272975
9 0.774479 0.321156 0.161458 0.275479
8 0.903646 0.317400 0.096875 0.237914
8 0.919792 0.283591 0.129167 0.305531
