0 0.047917 0.432500 0.064583 0.237187
3 0.160938 0.299531 0.096875 0.179688
0 0.209375 0.207891 0.064583 0.219219
2 0.290104 0.128828 0.096875 0.125781
2 0.386979 0.213281 0.096875 0.165313
8 0.419271 0.193516 0.096875 0.204844
5 0.483854 0.058750 0.032292 0.086250
8 0.435417 0.155781 0.129167 0.280313
8 0.451562 0.155781 0.161458 0.280313
1 0.532292 0.091094 0.064583 0.150937
9 0.580729 0.159375 0.096875 0.287500
9 0.596875 0.218672 0.129167 0.406094
9 0.613021 0.249219 0.161458 0.467188
9 0.645312 0.340859 0.161458 0.391719
9 0.677604 0.400156 0.161458 0.402500
0 0.887500 0.613984 0.064583 0.168906
