6 0.047917 0.665517 0.064583 0.059021
6 0.080208 0.660926 0.064583 0.057710
3 0.160938 0.626169 0.096875 0.119355
9 0.193229 0.636006 0.096875 0.139028
9 0.209375 0.636006 0.129167 0.139028
9 0.225521 0.636006 0.161458 0.139028
9 0.257812 0.637973 0.161458 0.142963
9 0.290104 0.662238 0.161458 0.144275
8 0.419271 0.660270 0.096875 0.124601
6 0.467708 0.603216 0.064583 0.081318
8 0.435417 0.642564 0.129167 0.160014
8 0.451562 0.593379 0.161458 0.258383
8 0.483854 0.559278 0.161458 0.281991
8 0.516146 0.393362 0.161458 0.501026
9 0.871354 0.305486 0.096875 0.364621
