9 0.064062 0.206269 0.096875 0.381288
2 0.128646 0.335557 0.096875 0.219131
4 0.257812 0.545922 0.032292 0.149009
9 0.225521 0.440739 0.096875 0.359375
0 0.338542 0.589749 0.064583 0.289253
3 0.451562 0.427591 0.096875 0.219131
0 0.500000 0.315835 0.064583 0.267340
2 0.580729 0.219417 0.096875 0.153392
2 0.677604 0.322409 0.096875 0.201601
8 0.709896 0.298304 0.096875 0.249810
5 0.774479 0.133956 0.032292 0.105183
8 0.726042 0.252287 0.129167 0.341844
8 0.742188 0.252287 0.161458 0.341844
1 0.822917 0.173400 0.064583 0.184070
9 0.871354 0.256669 0.096875 0.350610
9 0.887500 0.328983 0.129167 0.495236
9 0.903646 0.366235 0.161458 0.569741
