0 0.144792 0.454441 0.064583 0.249671
3 0.257812 0.314474 0.096875 0.189145
0 0.306250 0.218010 0.064583 0.230757
2 0.386979 0.134786 0.096875 0.132401
2 0.483854 0.223684 0.096875 0.174013
8 0.516146 0.202878 0.096875 0.215625
5 0.580729 0.061020 0.032292 0.090789
8 0.532292 0.163158 0.129167 0.295066
8 0.548438 0.163158 0.161458 0.295066
1 0.629167 0.095066 0.064583 0.158882
9 0.677604 0.166941 0.096875 0.302632
9 0.693750 0.229359 0.129167 0.427467
9 0.709896 0.261513 0.161458 0.491776
9 0.742188 0.357977 0.161458 0.412336
9 0.774479 0.420395 0.161458 0.423684
