1 0.080208 0.610430 0.064583 0.216412
6 0.144792 0.665517 0.064583 0.059021
6 0.177083 0.660926 0.064583 0.057710
3 0.257812 0.626169 0.096875 0.119355
9 0.290104 0.636006 0.096875 0.139028
9 0.306250 0.636006 0.129167 0.139028
9 0.322396 0.636006 0.161458 0.139028
9 0.354687 0.637973 0.161458 0.142963
9 0.386979 0.662238 0.161458 0.144275
8 0.516146 0.660270 0.096875 0.124601
6 0.564583 0.603216 0.064583 0.081318
8 0.532292 0.642564 0.129167 0.160014
8 0.548438 0.593379 0.161458 0.258383
8 0.580729 0.559278 0.161458 0.281991
8 0.613021 0.393362 0.161458 0.501026
