3 0.064062 0.626169 0.096875 0.119355
9 0.096354 0.636006 0.096875 0.139028
9 0.112500 0.636006 0.129167 0.139028
9 0.128646 0.636006 0.161458 0.139028
9 0.160938 0.637973 0.161458 0.142963
9 0.193229 0.662238 0.161458 0.144275
8 0.322396 0.660270 0.096875 0.124601
6 0.370833 0.603216 0.064583 0.081318
8 0.338542 0.642564 0.129167 0.160014
8 0.354687 0.593379 0.161458 0.258383
8 0.386979 0.559278 0.161458 0.281991
8 0.419271 0.393362 0.161458 0.501026
9 0.774479 0.305486 0.096875 0.364621
6 0.887500 0.506815 0.064583 0.127224
8 0.935937 0.449760 0.096875 0.241332
