6 0.047917 0.683128 0.064583 0.102493
6 0.112500 0.615016 0.064583 0.062274
8 0.096354 0.658478 0.096875 0.149199
8 0.112500 0.652640 0.129167 0.160875
8 0.128646 0.638369 0.161458 0.189418
0 0.241667 0.506684 0.064583 0.123251
8 0.290104 0.491116 0.096875 0.154388
8 0.306250 0.471006 0.129167 0.194607
1 0.370833 0.478142 0.064583 0.214068
6 0.435417 0.532632 0.064583 0.058382
6 0.467708 0.528091 0.064583 0.057085
3 0.548438 0.493710 0.096875 0.118062
9 0.580729 0.503441 0.096875 0.137523
9 0.596875 0.503441 0.129167 0.137523
9 0.613021 0.503441 0.161458 0.137523
9 0.645312 0.505387 0.161458 0.141415
9 0.677604 0.529388 0.161458 0.142712
8 0.806771 0.527442 0.096875 0.123251
8 0.822917 0.509928 0.129167 0.158281
8 0.839063 0.461276 0.161458 0.255584
8 0.871354 0.427544 0.161458 0.278937
8 0.903646 0.263425 0.161458 0.495600
