6 0.112500 0.633978 0.064583 0.073016
6 0.177083 0.605456 0.064583 0.084424
6 0.209375 0.608879 0.064583 0.091270
6 0.241667 0.564385 0.064583 0.180258
8 0.290104 0.521032 0.096875 0.262401
8 0.306250 0.510764 0.129167 0.282936
8 0.322396 0.485665 0.161458 0.333135
0 0.435417 0.254067 0.064583 0.216766
7 0.467708 0.254067 0.064583 0.216766
8 0.483854 0.226686 0.096875 0.271528
8 0.500000 0.191319 0.129167 0.342262
1 0.564583 0.203869 0.064583 0.376488
3 0.742188 0.231250 0.096875 0.207639
5 0.774479 0.231250 0.032292 0.207639
9 0.774479 0.248363 0.096875 0.241865
9 0.790625 0.248363 0.129167 0.241865
9 0.806771 0.248363 0.161458 0.241865
9 0.839063 0.251786 0.161458 0.248711
9 0.871354 0.293998 0.161458 0.250992
