8 0.064062 0.383489 0.096875 0.237697
8 0.193229 0.304257 0.096875 0.271653
8 0.209375 0.227854 0.129167 0.424459
5 0.322396 0.097687 0.032292 0.141486
0 0.467708 0.298597 0.064583 0.181102
0 0.596875 0.267471 0.064583 0.209400
9 0.677604 0.343873 0.096875 0.260334
9 0.693750 0.383489 0.129167 0.339567
9 0.709896 0.383489 0.161458 0.339567
9 0.742188 0.425935 0.161458 0.254675
9 0.774479 0.454232 0.161458 0.299951
6 0.855208 0.558932 0.064583 0.090551
6 0.887500 0.547613 0.064583 0.113189
0 0.952083 0.575910 0.064583 0.316929
