0 0.047917 0.639285 0.064583 0.124601
8 0.096354 0.623546 0.096875 0.156079
8 0.112500 0.603216 0.129167 0.196738
1 0.177083 0.610430 0.064583 0.216412
6 0.241667 0.665517 0.064583 0.059021
6 0.273958 0.660926 0.064583 0.057710
3 0.354687 0.626169 0.096875 0.119355
9 0.386979 0.636006 0.096875 0.139028
9 0.403125 0.636006 0.129167 0.139028
9 0.419271 0.636006 0.161458 0.139028
9 0.451562 0.637973 0.161458 0.142963
9 0.483854 0.662238 0.161458 0.144275
8 0.613021 0.660270 0.096875 0.124601
6 0.661458 0.603216 0.064583 0.081318
8 0.629167 0.642564 0.129167 0.160014
8 0.645312 0.593379 0.161458 0.258383
8 0.677604 0.559278 0.161458 0.281991
8 0.709896 0.393362 0.161458 0.501026
