3 0.064062 0.248335 0.096875 0.147285
7 0.080208 0.224769 0.064583 0.076588
0 0.112500 0.173220 0.064583 0.179687
2 0.193229 0.108414 0.096875 0.103099
2 0.290104 0.177638 0.096875 0.135502
8 0.322396 0.161437 0.096875 0.167905
5 0.386979 0.050973 0.032292 0.070697
8 0.338542 0.130507 0.129167 0.229764
8 0.354687 0.130507 0.161458 0.229764
1 0.435417 0.077485 0.064583 0.123719
9 0.483854 0.133453 0.096875 0.235656
9 0.500000 0.182057 0.129167 0.332864
9 0.516146 0.207095 0.161458 0.382941
9 0.548438 0.282210 0.161458 0.321081
9 0.580729 0.330815 0.161458 0.329918
0 0.790625 0.506084 0.064583 0.138448
