6 0.047917 0.670893 0.064583 0.088230
6 0.209375 0.598802 0.064583 0.068862
6 0.273958 0.571903 0.064583 0.079622
6 0.306250 0.575131 0.064583 0.086078
6 0.338542 0.533168 0.064583 0.170004
8 0.386979 0.492281 0.096875 0.247474
8 0.403125 0.482597 0.129167 0.266841
8 0.419271 0.458926 0.161458 0.314184
0 0.532292 0.240503 0.064583 0.204435
7 0.564583 0.240503 0.064583 0.204435
8 0.580729 0.214680 0.096875 0.256082
8 0.596875 0.181325 0.129167 0.322792
1 0.661458 0.193161 0.064583 0.355071
3 0.839063 0.218984 0.096875 0.195827
5 0.871354 0.218984 0.032292 0.195827
9 0.871354 0.235123 0.096875 0.228106
9 0.887500 0.235123 0.129167 0.228106
9 0.903646 0.235123 0.161458 0.228106
