7 0.080208 0.126772 0.064583 0.088917
9 0.160938 0.287935 0.096875 0.322326
2 0.225521 0.397229 0.096875 0.185245
4 0.354687 0.575064 0.032292 0.125966
9 0.322396 0.486147 0.096875 0.303801
0 0.435417 0.612113 0.064583 0.244523
3 0.548438 0.475032 0.096875 0.185245
0 0.596875 0.380557 0.064583 0.225999
2 0.677604 0.299050 0.096875 0.129671
2 0.774479 0.386115 0.096875 0.170425
8 0.806771 0.365738 0.096875 0.211179
8 0.822917 0.326836 0.129167 0.288982
8 0.839063 0.326836 0.161458 0.288982
1 0.919792 0.260148 0.064583 0.155606
