1 0.047917 0.437179 0.064583 0.118035
2 0.225521 0.397132 0.096875 0.139113
1 0.273958 0.396078 0.064583 0.137005
9 0.322396 0.427694 0.096875 0.158083
9 0.338542 0.541514 0.129167 0.385722
9 0.354687 0.541514 0.161458 0.385722
0 0.435417 0.617394 0.064583 0.073772
6 0.467708 0.601585 0.064583 0.042155
2 0.613021 0.553107 0.096875 0.096957
6 0.629167 0.553107 0.064583 0.096957
8 0.645312 0.529921 0.096875 0.143329
0 0.726042 0.435071 0.064583 0.261364
0 0.790625 0.330737 0.064583 0.179160
0 0.855208 0.262234 0.064583 0.185484
