6 0.047917 0.710299 0.064583 0.048151
6 0.080208 0.706776 0.064583 0.041105
6 0.112500 0.705014 0.064583 0.035233
8 0.128646 0.597554 0.096875 0.250153
8 0.144792 0.539420 0.129167 0.366422
8 0.160938 0.427849 0.161458 0.589563
8 0.193229 0.426675 0.161458 0.587214
8 0.225521 0.417867 0.161458 0.569598
8 0.257812 0.270476 0.161458 0.274816
8 0.290104 0.211755 0.161458 0.392259
7 0.435417 0.246400 0.064583 0.123315
7 0.467708 0.242877 0.064583 0.130361
5 0.516146 0.172411 0.032292 0.106873
0 0.661458 0.393791 0.064583 0.082210
1 0.726042 0.349163 0.064583 0.065768
2 0.903646 0.326848 0.096875 0.077512
1 0.952083 0.326261 0.064583 0.076338
