0 0.080208 0.458139 0.064583 0.187733
1 0.144792 0.356227 0.064583 0.150187
2 0.322396 0.305271 0.096875 0.177006
1 0.370833 0.303930 0.064583 0.174324
9 0.419271 0.344158 0.096875 0.201143
9 0.435417 0.488981 0.129167 0.490788
9 0.451562 0.488981 0.161458 0.490788
0 0.532292 0.585529 0.064583 0.093867
2 0.709896 0.503731 0.096875 0.123368
6 0.726042 0.503731 0.064583 0.123368
8 0.742188 0.474230 0.096875 0.182370
0 0.822917 0.353545 0.064583 0.332556
0 0.887500 0.220791 0.064583 0.227962
0 0.952083 0.133629 0.064583 0.236008
