4 0.064062 0.630086 0.032292 0.056372
4 0.096354 0.645588 0.032292 0.064828
9 0.064062 0.603309 0.096875 0.149387
0 0.112500 0.635723 0.064583 0.084559
6 0.144792 0.635723 0.064583 0.084559
8 0.225521 0.668137 0.096875 0.132475
0 0.306250 0.459559 0.064583 0.352328
5 0.386979 0.183333 0.032292 0.155024
5 0.419271 0.236887 0.032292 0.166299
9 0.483854 0.266483 0.096875 0.417157
9 0.500000 0.266483 0.129167 0.417157
0 0.564583 0.437010 0.064583 0.121201
8 0.742188 0.518750 0.096875 0.132475
8 0.758333 0.470833 0.129167 0.228309
8 0.774479 0.462377 0.161458 0.245221
9 0.903646 0.456740 0.096875 0.194485
