9 0.064062 0.604350 0.096875 0.260050
9 0.080208 0.604350 0.129167 0.260050
0 0.144792 0.634147 0.064583 0.063207
6 0.177083 0.620603 0.064583 0.036118
2 0.322396 0.579067 0.096875 0.083072
6 0.338542 0.579067 0.064583 0.083072
8 0.354687 0.559202 0.096875 0.122802
6 0.403125 0.537531 0.064583 0.079460
0 0.435417 0.477937 0.064583 0.223932
0 0.500000 0.388544 0.064583 0.153502
0 0.564583 0.329852 0.064583 0.158920
8 0.677604 0.210663 0.096875 0.281721
0 0.887500 0.224207 0.064583 0.196844
2 0.871354 0.224207 0.096875 0.196844
3 0.935937 0.210663 0.096875 0.169755
