5 0.031771 0.112667 0.032292 0.194084
0 0.177083 0.514698 0.064583 0.149295
1 0.241667 0.433652 0.064583 0.119436
2 0.419271 0.393129 0.096875 0.140764
1 0.467708 0.392062 0.064583 0.138631
9 0.516146 0.424054 0.096875 0.159959
9 0.532292 0.539225 0.129167 0.390300
9 0.548438 0.539225 0.161458 0.390300
0 0.629167 0.616005 0.064583 0.074648
6 0.661458 0.600009 0.064583 0.042656
2 0.806771 0.550955 0.096875 0.098108
6 0.822917 0.550955 0.064583 0.098108
8 0.839063 0.527494 0.096875 0.145030
0 0.919792 0.431519 0.064583 0.264466
