1 0.047917 0.417454 0.064583 0.077009
9 0.096354 0.454971 0.096875 0.152043
9 0.112500 0.491501 0.129167 0.225103
9 0.290104 0.471755 0.096875 0.082933
9 0.306250 0.487551 0.129167 0.114526
9 0.322396 0.491501 0.161458 0.122425
9 0.354687 0.527043 0.161458 0.173764
3 0.483854 0.597141 0.096875 0.124399
9 0.516146 0.614912 0.096875 0.159942
0 0.661458 0.597141 0.064583 0.144145
6 0.790625 0.615900 0.064583 0.071085
6 0.887500 0.602078 0.064583 0.059238
8 0.903646 0.421403 0.096875 0.420587
8 0.919792 0.323661 0.129167 0.616071
