0 0.112500 0.149317 0.064583 0.267385
2 0.096354 0.149317 0.096875 0.267385
3 0.160938 0.130919 0.096875 0.230589
5 0.193229 0.149318 0.032292 0.115294
9 0.290104 0.126013 0.096875 0.161903
9 0.306250 0.198379 0.129167 0.306634
0 0.467708 0.257253 0.064583 0.125107
5 0.580729 0.157903 0.032292 0.181527
9 0.645312 0.213097 0.096875 0.228136
9 0.661458 0.236402 0.129167 0.274744
9 0.677604 0.236402 0.161458 0.274744
9 0.839063 0.413023 0.096875 0.206058
9 0.855208 0.442460 0.129167 0.264932
9 0.871354 0.508693 0.161458 0.397398
9 0.903646 0.551621 0.161458 0.365508
