9 0.193229 0.561823 0.096875 0.054490
9 0.209375 0.572202 0.129167 0.075248
6 0.273958 0.584527 0.064583 0.060977
9 0.225521 0.574797 0.161458 0.080438
9 0.257812 0.598150 0.161458 0.114170
3 0.386979 0.644207 0.096875 0.081735
9 0.419271 0.655883 0.096875 0.105088
0 0.564583 0.644207 0.064583 0.094709
6 0.693750 0.656532 0.064583 0.046706
6 0.758333 0.649396 0.064583 0.045408
6 0.790625 0.647450 0.064583 0.038921
8 0.806771 0.528740 0.096875 0.276342
8 0.822917 0.464519 0.129167 0.404783
8 0.839063 0.341268 0.161458 0.651286
8 0.871354 0.339971 0.161458 0.648691
8 0.903646 0.330240 0.161458 0.629231
