2 0.128646 0.445430 0.096875 0.119190
1 0.177083 0.444527 0.064583 0.117384
9 0.225521 0.471616 0.096875 0.135443
9 0.241667 0.569135 0.129167 0.330480
9 0.257812 0.569135 0.161458 0.330480
0 0.338542 0.634147 0.064583 0.063207
6 0.370833 0.620603 0.064583 0.036118
2 0.516146 0.579067 0.096875 0.083072
6 0.532292 0.579067 0.064583 0.083072
8 0.548438 0.559202 0.096875 0.122802
6 0.596875 0.537531 0.064583 0.079460
0 0.629167 0.477937 0.064583 0.223932
0 0.693750 0.388544 0.064583 0.153502
0 0.758333 0.329852 0.064583 0.158920
8 0.871354 0.210663 0.096875 0.281721
