6 0.047917 0.699142 0.064583 0.035233
6 0.112500 0.713235 0.064583 0.042279
6 0.144792 0.710299 0.064583 0.048151
6 0.177083 0.706776 0.064583 0.041105
6 0.209375 0.705014 0.064583 0.035233
8 0.225521 0.597554 0.096875 0.250153
8 0.241667 0.539420 0.129167 0.366422
8 0.257812 0.427849 0.161458 0.589563
8 0.290104 0.426675 0.161458 0.587214
8 0.322396 0.417867 0.161458 0.569598
8 0.354687 0.270476 0.161458 0.274816
8 0.386979 0.211755 0.161458 0.392259
7 0.532292 0.246400 0.064583 0.123315
7 0.564583 0.242877 0.064583 0.130361
5 0.613021 0.172411 0.032292 0.106873
0 0.758333 0.393791 0.064583 0.082210
1 0.822917 0.349163 0.064583 0.065768
