1 0.080208 0.444527 0.064583 0.117384
9 0.128646 0.471616 0.096875 0.135443
9 0.144792 0.569135 0.129167 0.330480
9 0.160938 0.569135 0.161458 0.330480
0 0.241667 0.634147 0.064583 0.063207
6 0.273958 0.620603 0.064583 0.036118
2 0.419271 0.579067 0.096875 0.083072
6 0.435417 0.579067 0.064583 0.083072
8 0.451562 0.559202 0.096875 0.122802
6 0.500000 0.537531 0.064583 0.079460
0 0.532292 0.477937 0.064583 0.223932
0 0.596875 0.388544 0.064583 0.153502
0 0.661458 0.329852 0.064583 0.158920
8 0.774479 0.210663 0.096875 0.281721
