6 0.080208 0.607440 0.064583 0.051653
9 0.064062 0.603593 0.096875 0.059346
9 0.080208 0.620628 0.129167 0.093415
6 0.144792 0.647553 0.064583 0.039564
3 0.193229 0.657994 0.096875 0.069237
9 0.225521 0.667885 0.096875 0.089019
6 0.338542 0.681073 0.064583 0.047257
0 0.370833 0.657994 0.064583 0.080227
6 0.435417 0.655247 0.064583 0.032970
6 0.500000 0.668435 0.064583 0.039564
6 0.532292 0.665687 0.064583 0.045059
6 0.564583 0.662390 0.064583 0.038465
6 0.596875 0.660742 0.064583 0.032970
8 0.613021 0.560182 0.096875 0.234088
8 0.629167 0.505782 0.129167 0.342890
8 0.645312 0.401376 0.161458 0.551701
8 0.677604 0.400277 0.161458 0.549503
8 0.709896 0.392035 0.161458 0.533018
8 0.742188 0.254109 0.161458 0.257168
8 0.774479 0.199159 0.161458 0.367068
7 0.919792 0.231580 0.064583 0.115396
7 0.952083 0.228283 0.064583 0.121990
