9 0.096354 0.452512 0.096875 0.388970
4 0.160938 0.630086 0.032292 0.056372
9 0.112500 0.458150 0.129167 0.400245
4 0.193229 0.645588 0.032292 0.064828
9 0.128646 0.468015 0.161458 0.419975
0 0.209375 0.635723 0.064583 0.084559
6 0.241667 0.635723 0.064583 0.084559
8 0.322396 0.668137 0.096875 0.132475
0 0.403125 0.459559 0.064583 0.352328
5 0.483854 0.183333 0.032292 0.155024
5 0.516146 0.236887 0.032292 0.166299
9 0.580729 0.266483 0.096875 0.417157
9 0.596875 0.266483 0.129167 0.417157
0 0.661458 0.437010 0.064583 0.121201
8 0.839063 0.518750 0.096875 0.132475
8 0.855208 0.470833 0.129167 0.228309
8 0.871354 0.462377 0.161458 0.245221
