6 0.047917 0.647553 0.064583 0.039564
3 0.096354 0.657994 0.096875 0.069237
9 0.128646 0.667885 0.096875 0.089019
6 0.241667 0.681073 0.064583 0.047257
0 0.273958 0.657994 0.064583 0.080227
6 0.338542 0.655247 0.064583 0.032970
6 0.403125 0.668435 0.064583 0.039564
6 0.435417 0.665687 0.064583 0.045059
6 0.467708 0.662390 0.064583 0.038465
6 0.500000 0.660742 0.064583 0.032970
8 0.516146 0.560182 0.096875 0.234088
8 0.532292 0.505782 0.129167 0.342890
8 0.548438 0.401376 0.161458 0.551701
8 0.580729 0.400277 0.161458 0.549503
8 0.613021 0.392035 0.161458 0.533018
8 0.645312 0.254109 0.161458 0.257168
8 0.677604 0.199159 0.161458 0.367068
7 0.822917 0.231580 0.064583 0.115396
7 0.855208 0.228283 0.064583 0.121990
5 0.903646 0.162342 0.032292 0.100010
