6 0.112500 0.590955 0.064583 0.040663
9 0.096354 0.588207 0.096875 0.046158
9 0.112500 0.596999 0.129167 0.063742
6 0.177083 0.607440 0.064583 0.051653
9 0.128646 0.599197 0.161458 0.068138
9 0.160938 0.618979 0.161458 0.096713
6 0.241667 0.647553 0.064583 0.039564
3 0.290104 0.657994 0.096875 0.069237
9 0.322396 0.667885 0.096875 0.089019
6 0.435417 0.681073 0.064583 0.047257
0 0.467708 0.657994 0.064583 0.080227
6 0.532292 0.655247 0.064583 0.032970
6 0.596875 0.668435 0.064583 0.039564
6 0.629167 0.665687 0.064583 0.045059
6 0.661458 0.662390 0.064583 0.038465
6 0.693750 0.660742 0.064583 0.032970
8 0.709896 0.560182 0.096875 0.234088
8 0.726042 0.505782 0.129167 0.342890
8 0.742188 0.401376 0.161458 0.551701
8 0.774479 0.400277 0.161458 0.549503
8 0.806771 0.392035 0.161458 0.533018
8 0.839063 0.254109 0.161458 0.257168
8 0.871354 0.199159 0.161458 0.367068
