6 0.144792 0.681073 0.064583 0.047257
0 0.177083 0.657994 0.064583 0.080227
6 0.241667 0.655247 0.064583 0.032970
6 0.306250 0.668435 0.064583 0.039564
6 0.338542 0.665687 0.064583 0.045059
6 0.370833 0.662390 0.064583 0.038465
6 0.403125 0.660742 0.064583 0.032970
8 0.419271 0.560182 0.096875 0.234088
8 0.435417 0.505782 0.129167 0.342890
8 0.451562 0.401376 0.161458 0.551701
8 0.483854 0.400277 0.161458 0.549503
8 0.516146 0.392035 0.161458 0.533018
8 0.548438 0.254109 0.161458 0.257168
8 0.580729 0.199159 0.161458 0.367068
7 0.726042 0.231580 0.064583 0.115396
7 0.758333 0.228283 0.064583 0.121990
5 0.806771 0.162342 0.032292 0.100010
0 0.952083 0.369505 0.064583 0.076930
