6 0.047917 0.709729 0.064583 0.049292
0 0.080208 0.685656 0.064583 0.083682
6 0.144792 0.682790 0.064583 0.034390
6 0.209375 0.696546 0.064583 0.041268
6 0.241667 0.693680 0.064583 0.047000
6 0.273958 0.690241 0.064583 0.040122
6 0.306250 0.688522 0.064583 0.034390
8 0.322396 0.583632 0.096875 0.244169
8 0.338542 0.526889 0.129167 0.357655
8 0.354687 0.417987 0.161458 0.575459
8 0.386979 0.416841 0.161458 0.573166
8 0.419271 0.408244 0.161458 0.555971
8 0.451562 0.264379 0.161458 0.268242
8 0.483854 0.207062 0.161458 0.382875
7 0.629167 0.240879 0.064583 0.120365
7 0.661458 0.237440 0.064583 0.127243
5 0.709896 0.168660 0.032292 0.104316
0 0.855208 0.384744 0.064583 0.080243
1 0.919792 0.341183 0.064583 0.064195
