3 0.064062 0.128606 0.096875 0.225961
5 0.096354 0.146635 0.032292 0.112981
9 0.193229 0.123798 0.096875 0.158654
9 0.209375 0.194711 0.129167 0.300481
0 0.370833 0.252404 0.064583 0.122596
5 0.483854 0.155048 0.032292 0.177885
9 0.548438 0.209135 0.096875 0.223558
9 0.564583 0.231971 0.129167 0.269231
9 0.580729 0.231971 0.161458 0.269231
9 0.742188 0.405048 0.096875 0.201923
9 0.758333 0.433894 0.129167 0.259615
9 0.774479 0.498798 0.161458 0.389423
9 0.806771 0.540865 0.161458 0.358173
1 0.952083 0.591346 0.064583 0.093750
