6 0.112500 0.703001 0.064583 0.039931
0 0.144792 0.551122 0.064583 0.343688
8 0.193229 0.392826 0.096875 0.646019
8 0.322396 0.362878 0.096875 0.323723
1 0.370833 0.319382 0.064583 0.236731
5 0.483854 0.144686 0.032292 0.258122
8 0.451562 0.212426 0.096875 0.393601
1 0.500000 0.148965 0.064583 0.266679
8 0.613021 0.421348 0.096875 0.369358
8 0.629167 0.410652 0.129167 0.390749
8 0.645312 0.329365 0.161458 0.553323
7 0.726042 0.133278 0.064583 0.166853
8 0.806771 0.088356 0.096875 0.096974
0 0.919792 0.130425 0.064583 0.104105
