8 0.064062 0.652174 0.096875 0.164402
8 0.080208 0.590353 0.129167 0.288044
8 0.096354 0.501359 0.161458 0.466033
8 0.128646 0.404212 0.161458 0.500000
1 0.209375 0.202446 0.064583 0.175272
3 0.290104 0.157609 0.096875 0.283967
9 0.322396 0.124321 0.096875 0.187500
9 0.338542 0.158288 0.129167 0.255435
9 0.354687 0.314538 0.161458 0.567935
9 0.386979 0.314538 0.161458 0.567935
0 0.467708 0.428668 0.064583 0.146739
9 0.613021 0.297554 0.096875 0.145380
0 0.758333 0.341712 0.064583 0.089674
8 0.871354 0.287364 0.096875 0.217391
