8 0.064062 0.673066 0.096875 0.075658
1 0.177083 0.654152 0.064583 0.061309
4 0.257812 0.691328 0.032292 0.041742
6 0.306250 0.705025 0.064583 0.058700
6 0.338542 0.706982 0.064583 0.044351
3 0.419271 0.632628 0.096875 0.088702
6 0.500000 0.644368 0.064583 0.036524
0 0.532292 0.505445 0.064583 0.314372
8 0.580729 0.360651 0.096875 0.590914
8 0.709896 0.333258 0.096875 0.296109
1 0.758333 0.293472 0.064583 0.216538
5 0.871354 0.133677 0.032292 0.236105
8 0.839063 0.195639 0.096875 0.360027
1 0.887500 0.137591 0.064583 0.243932
