6 0.047917 0.572567 0.064583 0.123368
8 0.128646 0.567203 0.096875 0.187733
1 0.177083 0.475124 0.064583 0.164490
2 0.225521 0.373212 0.096875 0.354011
8 0.257812 0.265042 0.096875 0.445196
7 0.306250 0.147038 0.064583 0.209188
8 0.273958 0.265042 0.129167 0.445196
7 0.338542 0.138993 0.064583 0.203825
8 0.290104 0.262360 0.161458 0.450560
1 0.370833 0.094294 0.064583 0.157338
9 0.516146 0.249845 0.096875 0.218128
9 0.532292 0.324938 0.129167 0.368315
2 0.613021 0.412547 0.096875 0.193097
1 0.661458 0.430426 0.064583 0.118004
9 0.709896 0.480488 0.096875 0.157338
9 0.726042 0.480488 0.129167 0.157338
9 0.742188 0.480488 0.161458 0.157338
2 0.806771 0.450987 0.096875 0.212764
8 0.871354 0.432214 0.096875 0.175218
3 0.903646 0.540384 0.096875 0.295010
