0 0.080208 0.673701 0.064583 0.121347
2 0.064062 0.673701 0.096875 0.121347
8 0.193229 0.511516 0.096875 0.212358
8 0.209375 0.499848 0.129167 0.235694
8 0.225521 0.461343 0.161458 0.312703
8 0.257812 0.404170 0.161458 0.198356
8 0.290104 0.386668 0.161458 0.191356
2 0.580729 0.301491 0.096875 0.119014
8 0.645312 0.224483 0.096875 0.212358
7 0.693750 0.159142 0.064583 0.091011
7 0.790625 0.063464 0.064583 0.095678
9 0.839063 0.155641 0.096875 0.280032
7 0.919792 0.187145 0.064583 0.123681
0 0.952083 0.110136 0.064583 0.133015
