8 0.064062 0.181628 0.096875 0.296306
7 0.112500 0.103089 0.064583 0.139228
8 0.080208 0.181628 0.129167 0.296306
7 0.144792 0.097734 0.064583 0.135658
8 0.096354 0.179843 0.161458 0.299876
1 0.177083 0.067984 0.064583 0.104719
7 0.241667 0.191743 0.064583 0.116618
9 0.322396 0.171513 0.096875 0.145178
9 0.338542 0.221492 0.129167 0.245137
2 0.419271 0.279801 0.096875 0.128518
1 0.467708 0.291701 0.064583 0.078539
9 0.516146 0.325021 0.096875 0.104719
9 0.532292 0.325021 0.129167 0.104719
9 0.548438 0.325021 0.161458 0.104719
2 0.613021 0.305386 0.096875 0.141608
8 0.677604 0.292891 0.096875 0.116618
3 0.709896 0.364885 0.096875 0.196347
9 0.774479 0.452349 0.096875 0.249897
9 0.790625 0.500543 0.129167 0.346285
0 0.855208 0.614187 0.064583 0.118998
1 0.887500 0.604072 0.064583 0.132088
