6 0.209375 0.642800 0.064583 0.106196
9 0.193229 0.619714 0.096875 0.152369
0 0.241667 0.681277 0.064583 0.106197
9 0.354687 0.641261 0.096875 0.103118
9 0.370833 0.649726 0.129167 0.120048
2 0.419271 0.653573 0.096875 0.112353
8 0.483854 0.439641 0.096875 0.494044
1 0.532292 0.172611 0.064583 0.313972
9 0.580729 0.201854 0.096875 0.372457
9 0.596875 0.201854 0.129167 0.372457
2 0.645312 0.296507 0.096875 0.127744
2 0.774479 0.435024 0.096875 0.096962
8 0.806771 0.381926 0.096875 0.203158
9 0.903646 0.407321 0.096875 0.069259
9 0.919792 0.445798 0.129167 0.146213
