1 0.080208 0.392032 0.064583 0.282731
5 0.193229 0.183390 0.032292 0.308279
8 0.160938 0.264292 0.096875 0.470083
1 0.209375 0.188500 0.064583 0.318498
8 0.322396 0.513811 0.096875 0.441129
8 0.338542 0.501037 0.129167 0.466676
8 0.354687 0.403954 0.161458 0.660841
7 0.435417 0.169764 0.064583 0.199274
8 0.516146 0.116114 0.096875 0.115817
0 0.629167 0.166358 0.064583 0.124334
0 0.693750 0.065869 0.064583 0.100489
8 0.742188 0.071831 0.096875 0.112411
1 0.790625 0.097378 0.064583 0.132849
7 0.887500 0.094824 0.064583 0.063018
