6 0.047917 0.529891 0.064583 0.066576
2 0.064062 0.506794 0.096875 0.112772
2 0.193229 0.629076 0.096875 0.085598
8 0.225521 0.582201 0.096875 0.179348
6 0.273958 0.557745 0.064583 0.130435
9 0.322396 0.604620 0.096875 0.061141
9 0.338542 0.638587 0.129167 0.129076
8 0.451562 0.652174 0.096875 0.164402
8 0.467708 0.590353 0.129167 0.288044
8 0.483854 0.501359 0.161458 0.466033
8 0.516146 0.404212 0.161458 0.500000
1 0.596875 0.202446 0.064583 0.175272
3 0.677604 0.157609 0.096875 0.283967
9 0.709896 0.124321 0.096875 0.187500
9 0.726042 0.158288 0.129167 0.255435
9 0.742188 0.314538 0.161458 0.567935
9 0.774479 0.314538 0.161458 0.567935
0 0.855208 0.428668 0.064583 0.146739
