5 0.096354 0.183390 0.032292 0.308279
8 0.064062 0.264292 0.096875 0.470083
1 0.112500 0.188500 0.064583 0.318498
8 0.225521 0.513811 0.096875 0.441129
8 0.241667 0.501037 0.129167 0.466676
8 0.257812 0.403954 0.161458 0.660841
7 0.338542 0.169764 0.064583 0.199274
8 0.419271 0.116114 0.096875 0.115817
0 0.532292 0.166358 0.064583 0.124334
0 0.596875 0.065869 0.064583 0.100489
8 0.645312 0.071831 0.096875 0.112411
1 0.693750 0.097378 0.064583 0.132849
7 0.790625 0.094824 0.064583 0.063018
7 0.919792 0.175726 0.064583 0.044283
8 0.903646 0.160397 0.096875 0.085160
