8 0.096354 0.534152 0.096875 0.366220
1 0.144792 0.336210 0.064583 0.232738
9 0.193229 0.357887 0.096875 0.276091
9 0.209375 0.357887 0.129167 0.276091
2 0.257812 0.428051 0.096875 0.094693
2 0.386979 0.530729 0.096875 0.071875
8 0.419271 0.491369 0.096875 0.150595
9 0.516146 0.510193 0.096875 0.051339
9 0.532292 0.538715 0.129167 0.108383
8 0.645312 0.550124 0.096875 0.138046
8 0.661458 0.498214 0.129167 0.241865
8 0.677604 0.423487 0.161458 0.391319
8 0.709896 0.341915 0.161458 0.419841
1 0.790625 0.172495 0.064583 0.147173
3 0.871354 0.134846 0.096875 0.238442
9 0.903646 0.106895 0.096875 0.157441
9 0.919792 0.135417 0.129167 0.214484
