1 0.047917 0.397418 0.064583 0.277174
9 0.096354 0.423234 0.096875 0.328804
6 0.144792 0.529891 0.064583 0.066576
9 0.112500 0.423234 0.129167 0.328804
2 0.160938 0.506794 0.096875 0.112772
2 0.290104 0.629076 0.096875 0.085598
8 0.322396 0.582201 0.096875 0.179348
6 0.370833 0.557745 0.064583 0.130435
9 0.419271 0.604620 0.096875 0.061141
9 0.435417 0.638587 0.129167 0.129076
8 0.548438 0.652174 0.096875 0.164402
8 0.564583 0.590353 0.129167 0.288044
8 0.580729 0.501359 0.161458 0.466033
8 0.613021 0.404212 0.161458 0.500000
1 0.693750 0.202446 0.064583 0.175272
3 0.774479 0.157609 0.096875 0.283967
9 0.806771 0.124321 0.096875 0.187500
9 0.822917 0.158288 0.129167 0.255435
9 0.839063 0.314538 0.161458 0.567935
9 0.871354 0.314538 0.161458 0.567935
0 0.952083 0.428668 0.064583 0.146739
