6 0.047917 0.712037 0.064583 0.044676
3 0.128646 0.637140 0.096875 0.089351
6 0.209375 0.648966 0.064583 0.036792
0 0.241667 0.509026 0.064583 0.316671
8 0.290104 0.363174 0.096875 0.595235
8 0.419271 0.335580 0.096875 0.298275
1 0.467708 0.295504 0.064583 0.218122
5 0.580729 0.134541 0.032292 0.237831
8 0.548438 0.196955 0.096875 0.362660
1 0.596875 0.138483 0.064583 0.245715
8 0.709896 0.389454 0.096875 0.340322
8 0.726042 0.379599 0.129167 0.360032
8 0.742188 0.304702 0.161458 0.509826
7 0.822917 0.124029 0.064583 0.153736
8 0.903646 0.082638 0.096875 0.089351
