1 0.047917 0.687612 0.064583 0.052529
8 0.128646 0.684408 0.096875 0.099933
8 0.144792 0.679284 0.129167 0.110183
1 0.273958 0.642770 0.064583 0.060216
4 0.354687 0.679284 0.032292 0.040998
6 0.403125 0.692736 0.064583 0.057654
6 0.435417 0.694658 0.064583 0.043561
3 0.516146 0.621630 0.096875 0.087121
6 0.596875 0.633161 0.064583 0.035873
0 0.629167 0.496713 0.064583 0.308768
8 0.677604 0.354501 0.096875 0.580381
8 0.806771 0.327596 0.096875 0.290831
1 0.855208 0.288519 0.064583 0.212678
5 0.968229 0.131573 0.032292 0.231896
8 0.935937 0.192430 0.096875 0.353610
