0 0.047917 0.688792 0.064583 0.091165
6 0.112500 0.645192 0.064583 0.070025
9 0.160938 0.654440 0.096875 0.088523
9 0.177083 0.661707 0.129167 0.103056
2 0.225521 0.665010 0.096875 0.096450
8 0.290104 0.481359 0.096875 0.424115
1 0.338542 0.252125 0.064583 0.269531
9 0.386979 0.277229 0.096875 0.319738
9 0.403125 0.277229 0.129167 0.319738
2 0.451562 0.358485 0.096875 0.109662
2 0.580729 0.477395 0.096875 0.083238
8 0.613021 0.431813 0.096875 0.174403
9 0.709896 0.453613 0.096875 0.059456
9 0.726042 0.486644 0.129167 0.125517
8 0.839063 0.499856 0.096875 0.159869
8 0.855208 0.439740 0.129167 0.280101
8 0.871354 0.353200 0.161458 0.453182
8 0.903646 0.258732 0.161458 0.486213
