6 0.112500 0.642800 0.064583 0.106196
9 0.096354 0.619714 0.096875 0.152369
0 0.144792 0.681277 0.064583 0.106197
9 0.257812 0.641261 0.096875 0.103118
9 0.273958 0.649726 0.129167 0.120048
2 0.322396 0.653573 0.096875 0.112353
8 0.386979 0.439641 0.096875 0.494044
1 0.435417 0.172611 0.064583 0.313972
9 0.483854 0.201854 0.096875 0.372457
9 0.500000 0.201854 0.129167 0.372457
2 0.548438 0.296507 0.096875 0.127744
2 0.677604 0.435024 0.096875 0.096962
8 0.709896 0.381926 0.096875 0.203158
9 0.806771 0.407321 0.096875 0.069259
9 0.822917 0.445798 0.129167 0.146213
8 0.935937 0.461188 0.096875 0.186228
