9 0.064062 0.683606 0.096875 0.076439
9 0.080208 0.689881 0.129167 0.088988
2 0.128646 0.692733 0.096875 0.083284
8 0.193229 0.534152 0.096875 0.366220
1 0.241667 0.336210 0.064583 0.232738
9 0.290104 0.357887 0.096875 0.276091
9 0.306250 0.357887 0.129167 0.276091
2 0.354687 0.428051 0.096875 0.094693
2 0.483854 0.530729 0.096875 0.071875
8 0.516146 0.491369 0.096875 0.150595
9 0.613021 0.510193 0.096875 0.051339
9 0.629167 0.538715 0.129167 0.108383
8 0.742188 0.550124 0.096875 0.138046
8 0.758333 0.498214 0.129167 0.241865
8 0.774479 0.423487 0.161458 0.391319
8 0.806771 0.341915 0.161458 0.419841
1 0.887500 0.172495 0.064583 0.147173
