1 0.080208 0.654152 0.064583 0.061309
4 0.160938 0.691328 0.032292 0.041742
6 0.209375 0.705025 0.064583 0.058700
6 0.241667 0.706982 0.064583 0.044351
3 0.322396 0.632628 0.096875 0.088702
6 0.403125 0.644368 0.064583 0.036524
0 0.435417 0.505445 0.064583 0.314372
8 0.483854 0.360651 0.096875 0.590914
8 0.613021 0.333258 0.096875 0.296109
1 0.661458 0.293472 0.064583 0.216538
5 0.774479 0.133677 0.032292 0.236105
8 0.742188 0.195639 0.096875 0.360027
1 0.790625 0.137591 0.064583 0.243932
8 0.903646 0.386740 0.096875 0.337852
8 0.919792 0.376957 0.129167 0.357418
