0 0.177083 0.668585 0.064583 0.108553
6 0.209375 0.670230 0.064583 0.111842
8 0.290104 0.602796 0.096875 0.263158
6 0.338542 0.527960 0.064583 0.113487
8 0.419271 0.523026 0.096875 0.172697
1 0.467708 0.438322 0.064583 0.151316
2 0.516146 0.344572 0.096875 0.325658
8 0.548438 0.245066 0.096875 0.409540
7 0.596875 0.136513 0.064583 0.192434
8 0.564583 0.245066 0.129167 0.409540
7 0.629167 0.129112 0.064583 0.187500
8 0.580729 0.242599 0.161458 0.414474
1 0.661458 0.087993 0.064583 0.144737
7 0.726042 0.259046 0.064583 0.161184
9 0.806771 0.231086 0.096875 0.200658
9 0.822917 0.300165 0.129167 0.338816
2 0.903646 0.380757 0.096875 0.177632
1 0.952083 0.397204 0.064583 0.108553
