0 0.080208 0.581058 0.064583 0.132466
9 0.225521 0.462697 0.096875 0.131239
0 0.370833 0.502560 0.064583 0.080951
8 0.483854 0.453498 0.096875 0.196246
8 0.613021 0.394011 0.096875 0.128786
1 0.661458 0.330845 0.064583 0.112841
2 0.709896 0.260932 0.096875 0.242854
8 0.742188 0.186727 0.096875 0.305408
7 0.790625 0.105775 0.064583 0.143505
8 0.758333 0.186727 0.129167 0.305408
7 0.822917 0.100256 0.064583 0.139825
8 0.774479 0.184887 0.161458 0.309087
1 0.855208 0.069593 0.064583 0.107935
7 0.919792 0.197152 0.064583 0.120201
