8 0.128646 0.443979 0.096875 0.386626
1 0.177083 0.392032 0.064583 0.282731
5 0.290104 0.183390 0.032292 0.308279
8 0.257812 0.264292 0.096875 0.470083
1 0.306250 0.188500 0.064583 0.318498
8 0.419271 0.513811 0.096875 0.441129
8 0.435417 0.501037 0.129167 0.466676
8 0.451562 0.403954 0.161458 0.660841
7 0.532292 0.169764 0.064583 0.199274
8 0.613021 0.116114 0.096875 0.115817
0 0.726042 0.166358 0.064583 0.124334
0 0.790625 0.065869 0.064583 0.100489
8 0.839063 0.071831 0.096875 0.112411
1 0.887500 0.097378 0.064583 0.132849
