7 0.047917 0.097734 0.064583 0.135658
1 0.080208 0.067984 0.064583 0.104719
7 0.144792 0.191743 0.064583 0.116618
9 0.225521 0.171513 0.096875 0.145178
9 0.241667 0.221492 0.129167 0.245137
2 0.322396 0.279801 0.096875 0.128518
1 0.370833 0.291701 0.064583 0.078539
9 0.419271 0.325021 0.096875 0.104719
9 0.435417 0.325021 0.129167 0.104719
9 0.451562 0.325021 0.161458 0.104719
2 0.516146 0.305386 0.096875 0.141608
8 0.580729 0.292891 0.096875 0.116618
3 0.613021 0.364885 0.096875 0.196347
9 0.677604 0.452349 0.096875 0.249897
9 0.693750 0.500543 0.129167 0.346285
0 0.758333 0.614187 0.064583 0.118998
1 0.790625 0.604072 0.064583 0.132088
6 0.887500 0.696891 0.064583 0.074969
