8 0.128646 0.513811 0.096875 0.441129
8 0.144792 0.501037 0.129167 0.466676
8 0.160938 0.403954 0.161458 0.660841
7 0.241667 0.169764 0.064583 0.199274
8 0.322396 0.116114 0.096875 0.115817
0 0.435417 0.166358 0.064583 0.124334
0 0.500000 0.065869 0.064583 0.100489
8 0.548438 0.071831 0.096875 0.112411
1 0.596875 0.097378 0.064583 0.132849
7 0.693750 0.094824 0.064583 0.063018
7 0.822917 0.175726 0.064583 0.044283
8 0.806771 0.160397 0.096875 0.085160
7 0.887500 0.195312 0.064583 0.049393
2 0.903646 0.156139 0.096875 0.127740
5 0.968229 0.146771 0.032292 0.044283
