9 0.128646 0.615132 0.096875 0.175987
0 0.273958 0.668585 0.064583 0.108553
6 0.306250 0.670230 0.064583 0.111842
8 0.386979 0.602796 0.096875 0.263158
6 0.435417 0.527960 0.064583 0.113487
8 0.516146 0.523026 0.096875 0.172697
1 0.564583 0.438322 0.064583 0.151316
2 0.613021 0.344572 0.096875 0.325658
8 0.645312 0.245066 0.096875 0.409540
7 0.693750 0.136513 0.064583 0.192434
8 0.661458 0.245066 0.129167 0.409540
7 0.726042 0.129112 0.064583 0.187500
8 0.677604 0.242599 0.161458 0.414474
1 0.758333 0.087993 0.064583 0.144737
7 0.822917 0.259046 0.064583 0.161184
9 0.903646 0.231086 0.096875 0.200658
9 0.919792 0.300165 0.129167 0.338816
