9 0.064062 0.336977 0.096875 0.230589
9 0.080208 0.478029 0.129167 0.512692
9 0.096354 0.478029 0.161458 0.512692
0 0.177083 0.581058 0.064583 0.132466
9 0.322396 0.462697 0.096875 0.131239
0 0.467708 0.502560 0.064583 0.080951
8 0.580729 0.453498 0.096875 0.196246
8 0.709896 0.394011 0.096875 0.128786
1 0.758333 0.330845 0.064583 0.112841
2 0.806771 0.260932 0.096875 0.242854
8 0.839063 0.186727 0.096875 0.305408
7 0.887500 0.105775 0.064583 0.143505
8 0.855208 0.186727 0.129167 0.305408
7 0.919792 0.100256 0.064583 0.139825
8 0.871354 0.184887 0.161458 0.309087
1 0.952083 0.069593 0.064583 0.107935
