1 0.080208 0.349655 0.064583 0.119575
2 0.128646 0.275571 0.096875 0.257346
8 0.160938 0.196937 0.096875 0.323633
7 0.209375 0.111155 0.064583 0.152068
8 0.177083 0.196937 0.129167 0.323633
7 0.241667 0.105306 0.064583 0.148169
8 0.193229 0.194988 0.161458 0.327532
1 0.273958 0.072813 0.064583 0.114376
7 0.338542 0.207985 0.064583 0.127373
9 0.419271 0.185890 0.096875 0.158567
9 0.435417 0.240478 0.129167 0.267744
2 0.516146 0.304165 0.096875 0.140371
1 0.564583 0.317162 0.064583 0.085782
9 0.613021 0.353554 0.096875 0.114376
9 0.629167 0.353554 0.129167 0.114376
9 0.645312 0.353554 0.161458 0.114376
2 0.709896 0.332109 0.096875 0.154668
8 0.774479 0.318462 0.096875 0.127373
3 0.806771 0.397095 0.096875 0.214455
9 0.871354 0.492625 0.096875 0.272943
9 0.887500 0.545264 0.129167 0.378221
0 0.952083 0.669389 0.064583 0.129973
