6 0.080208 0.575080 0.064583 0.056946
3 0.128646 0.599706 0.096875 0.112353
6 0.306250 0.642800 0.064583 0.106196
9 0.290104 0.619714 0.096875 0.152369
0 0.338542 0.681277 0.064583 0.106197
9 0.451562 0.641261 0.096875 0.103118
9 0.467708 0.649726 0.129167 0.120048
2 0.516146 0.653573 0.096875 0.112353
8 0.580729 0.439641 0.096875 0.494044
1 0.629167 0.172611 0.064583 0.313972
9 0.677604 0.201854 0.096875 0.372457
9 0.693750 0.201854 0.129167 0.372457
2 0.742188 0.296507 0.096875 0.127744
2 0.871354 0.435024 0.096875 0.096962
8 0.903646 0.381926 0.096875 0.203158
