8 0.064062 0.659116 0.096875 0.150517
8 0.080208 0.646865 0.129167 0.175020
1 0.144792 0.583274 0.064583 0.047839
8 0.225521 0.580357 0.096875 0.091010
8 0.241667 0.575690 0.129167 0.100345
1 0.370833 0.542436 0.064583 0.054840
4 0.451562 0.575690 0.032292 0.037338
6 0.500000 0.587941 0.064583 0.052506
6 0.532292 0.589692 0.064583 0.039671
3 0.613021 0.523184 0.096875 0.079343
0 0.726042 0.409421 0.064583 0.281199
8 0.774479 0.279906 0.096875 0.528561
8 0.903646 0.255403 0.096875 0.264864
1 0.952083 0.219815 0.064583 0.193689
