4 0.064062 0.691328 0.032292 0.041742
6 0.112500 0.705025 0.064583 0.058700
6 0.144792 0.706982 0.064583 0.044351
3 0.225521 0.632628 0.096875 0.088702
6 0.306250 0.644368 0.064583 0.036524
0 0.338542 0.505445 0.064583 0.314372
8 0.386979 0.360651 0.096875 0.590914
8 0.516146 0.333258 0.096875 0.296109
1 0.564583 0.293472 0.064583 0.216538
5 0.677604 0.133677 0.032292 0.236105
8 0.645312 0.195639 0.096875 0.360027
1 0.693750 0.137591 0.064583 0.243932
8 0.806771 0.386740 0.096875 0.337852
8 0.822917 0.376957 0.129167 0.357418
8 0.839063 0.302603 0.161458 0.506125
7 0.919792 0.123242 0.064583 0.152620
