2 0.096354 0.629076 0.096875 0.085598
8 0.128646 0.582201 0.096875 0.179348
6 0.177083 0.557745 0.064583 0.130435
9 0.225521 0.604620 0.096875 0.061141
9 0.241667 0.638587 0.129167 0.129076
8 0.354687 0.652174 0.096875 0.164402
8 0.370833 0.590353 0.129167 0.288044
8 0.386979 0.501359 0.161458 0.466033
8 0.419271 0.404212 0.161458 0.500000
1 0.500000 0.202446 0.064583 0.175272
3 0.580729 0.157609 0.096875 0.283967
9 0.613021 0.124321 0.096875 0.187500
9 0.629167 0.158288 0.129167 0.255435
9 0.645312 0.314538 0.161458 0.567935
9 0.677604 0.314538 0.161458 0.567935
0 0.758333 0.428668 0.064583 0.146739
9 0.903646 0.297554 0.096875 0.145380
