0 0.080208 0.668585 0.064583 0.108553
6 0.112500 0.670230 0.064583 0.111842
8 0.193229 0.602796 0.096875 0.263158
6 0.241667 0.527960 0.064583 0.113487
8 0.322396 0.523026 0.096875 0.172697
1 0.370833 0.438322 0.064583 0.151316
2 0.419271 0.344572 0.096875 0.325658
8 0.451562 0.245066 0.096875 0.409540
7 0.500000 0.136513 0.064583 0.192434
8 0.467708 0.245066 0.129167 0.409540
7 0.532292 0.129112 0.064583 0.187500
8 0.483854 0.242599 0.161458 0.414474
1 0.564583 0.087993 0.064583 0.144737
7 0.629167 0.259046 0.064583 0.161184
9 0.709896 0.231086 0.096875 0.200658
9 0.726042 0.300165 0.129167 0.338816
2 0.806771 0.380757 0.096875 0.177632
1 0.855208 0.397204 0.064583 0.108553
9 0.903646 0.443257 0.096875 0.144737
9 0.919792 0.443257 0.129167 0.144737
