9 0.064062 0.643342 0.096875 0.119565
8 0.160938 0.652174 0.096875 0.164402
8 0.177083 0.590353 0.129167 0.288044
8 0.193229 0.501359 0.161458 0.466033
8 0.225521 0.404212 0.161458 0.500000
1 0.306250 0.202446 0.064583 0.175272
3 0.386979 0.157609 0.096875 0.283967
9 0.419271 0.124321 0.096875 0.187500
9 0.435417 0.158288 0.129167 0.255435
9 0.451562 0.314538 0.161458 0.567935
9 0.483854 0.314538 0.161458 0.567935
0 0.564583 0.428668 0.064583 0.146739
9 0.709896 0.297554 0.096875 0.145380
0 0.855208 0.341712 0.064583 0.089674
