6 0.112500 0.582855 0.064583 0.080293
1 0.177083 0.577675 0.064583 0.049212
2 0.225521 0.554364 0.096875 0.095833
8 0.257812 0.542061 0.096875 0.117849
0 0.435417 0.438457 0.064583 0.081588
0 0.564583 0.424212 0.064583 0.050507
2 0.548438 0.415794 0.096875 0.067342
8 0.613021 0.391836 0.096875 0.115259
8 0.629167 0.362697 0.129167 0.173536
8 0.645312 0.352337 0.161458 0.194257
8 0.677604 0.302477 0.161458 0.221453
3 0.774479 0.218947 0.096875 0.119144
9 0.903646 0.133474 0.096875 0.204617
7 0.952083 0.162613 0.064583 0.146340
