7 0.112500 0.179755 0.064583 0.045116
8 0.096354 0.179755 0.096875 0.045116
9 0.193229 0.251319 0.096875 0.225582
9 0.209375 0.351664 0.129167 0.426272
0 0.435417 0.518906 0.064583 0.147795
8 0.483854 0.485457 0.096875 0.214692
8 0.500000 0.420894 0.129167 0.343818
1 0.661458 0.256764 0.064583 0.059118
2 0.709896 0.228761 0.096875 0.115124
8 0.742188 0.213981 0.096875 0.141572
7 0.790625 0.164198 0.064583 0.042005
7 0.855208 0.134639 0.064583 0.073120
5 0.903646 0.068520 0.032292 0.056007
0 0.919792 0.089522 0.064583 0.098011
