0 0.047917 0.681851 0.064583 0.105048
8 0.096354 0.658077 0.096875 0.152596
8 0.112500 0.612187 0.129167 0.244375
1 0.273958 0.495529 0.064583 0.042019
2 0.322396 0.475625 0.096875 0.081827
8 0.354687 0.465120 0.096875 0.100625
0 0.532292 0.376659 0.064583 0.069663
0 0.661458 0.364495 0.064583 0.043125
2 0.645312 0.357308 0.096875 0.057500
8 0.709896 0.336851 0.096875 0.098413
8 0.726042 0.311971 0.129167 0.148173
8 0.742188 0.303125 0.161458 0.165865
8 0.774479 0.260553 0.161458 0.189087
3 0.871354 0.189231 0.096875 0.101731
