6 0.080208 0.599748 0.064583 0.055631
8 0.128646 0.529654 0.096875 0.182469
1 0.177083 0.477361 0.064583 0.077883
8 0.257812 0.367212 0.096875 0.262577
3 0.290104 0.317144 0.096875 0.189145
9 0.419271 0.211445 0.096875 0.391641
9 0.435417 0.220346 0.129167 0.409443
4 0.516146 0.601974 0.032292 0.206947
9 0.613021 0.360536 0.096875 0.293731
0 0.661458 0.420617 0.064583 0.209172
1 0.726042 0.323820 0.064583 0.104586
2 0.774479 0.354973 0.096875 0.166892
8 0.806771 0.332721 0.096875 0.211397
0 0.919792 0.221459 0.064583 0.206947
