6 0.112500 0.644253 0.064583 0.180244
6 0.177083 0.599748 0.064583 0.055631
8 0.225521 0.529654 0.096875 0.182469
1 0.273958 0.477361 0.064583 0.077883
8 0.354687 0.367212 0.096875 0.262577
3 0.386979 0.317144 0.096875 0.189145
9 0.516146 0.211445 0.096875 0.391641
9 0.532292 0.220346 0.129167 0.409443
4 0.613021 0.601974 0.032292 0.206947
9 0.709896 0.360536 0.096875 0.293731
0 0.758333 0.420617 0.064583 0.209172
1 0.822917 0.323820 0.064583 0.104586
2 0.871354 0.354973 0.096875 0.166892
8 0.903646 0.332721 0.096875 0.211397
