0 0.144792 0.569835 0.064583 0.112862
8 0.193229 0.544292 0.096875 0.163946
8 0.209375 0.494990 0.129167 0.262552
1 0.370833 0.369654 0.064583 0.045145
2 0.419271 0.348270 0.096875 0.087913
8 0.451562 0.336983 0.096875 0.108109
0 0.629167 0.241942 0.064583 0.074845
7 0.693750 0.215212 0.064583 0.059401
0 0.758333 0.228874 0.064583 0.046333
2 0.742188 0.221152 0.096875 0.061777
8 0.806771 0.199174 0.096875 0.105733
8 0.822917 0.172443 0.129167 0.159194
8 0.839063 0.162939 0.161458 0.178202
8 0.871354 0.117200 0.161458 0.203151
