1 0.080208 0.686458 0.064583 0.058737
2 0.128646 0.658636 0.096875 0.114382
8 0.160938 0.643952 0.096875 0.140659
0 0.338542 0.520296 0.064583 0.097379
0 0.467708 0.503293 0.064583 0.060282
2 0.451562 0.493246 0.096875 0.080376
8 0.516146 0.464651 0.096875 0.137567
8 0.532292 0.429872 0.129167 0.207124
8 0.548438 0.417507 0.161458 0.231855
8 0.580729 0.357997 0.161458 0.264315
3 0.677604 0.258300 0.096875 0.142204
9 0.806771 0.156284 0.096875 0.244220
7 0.855208 0.191062 0.064583 0.174664
7 0.919792 0.102957 0.064583 0.085013
