9 0.096354 0.251319 0.096875 0.225582
9 0.112500 0.351664 0.129167 0.426272
0 0.338542 0.518906 0.064583 0.147795
8 0.386979 0.485457 0.096875 0.214692
8 0.403125 0.420894 0.129167 0.343818
1 0.564583 0.256764 0.064583 0.059118
2 0.613021 0.228761 0.096875 0.115124
8 0.645312 0.213981 0.096875 0.141572
7 0.693750 0.164198 0.064583 0.042005
7 0.758333 0.134639 0.064583 0.073120
5 0.806771 0.068520 0.032292 0.056007
0 0.822917 0.089522 0.064583 0.098011
7 0.887500 0.054518 0.064583 0.077787
0 0.952083 0.072409 0.064583 0.060674
2 0.935937 0.062297 0.096875 0.080898
