9 0.128646 0.526550 0.096875 0.164878
9 0.144792 0.526550 0.129167 0.164878
9 0.160938 0.589243 0.161458 0.290264
2 0.225521 0.624292 0.096875 0.220167
9 0.322396 0.548270 0.096875 0.097742
1 0.435417 0.557156 0.064583 0.072072
2 0.483854 0.580357 0.096875 0.098729
6 0.500000 0.584800 0.064583 0.089844
8 0.516146 0.546295 0.096875 0.166853
0 0.629167 0.494463 0.064583 0.124399
8 0.677604 0.467312 0.096875 0.178700
8 0.693750 0.416960 0.129167 0.279404
8 0.709896 0.416960 0.161458 0.279404
8 0.742188 0.354760 0.161458 0.182649
3 0.903646 0.322180 0.096875 0.093793
0 0.952083 0.326129 0.064583 0.101691
