8 0.096354 0.669354 0.096875 0.059749
6 0.144792 0.649144 0.064583 0.033389
8 0.112500 0.665839 0.129167 0.066779
8 0.128646 0.623663 0.161458 0.151131
8 0.160938 0.599939 0.161458 0.152888
6 0.306250 0.536675 0.064583 0.072051
8 0.354687 0.478683 0.096875 0.184520
8 0.370833 0.477804 0.129167 0.186278
8 0.386979 0.424205 0.161458 0.293475
8 0.548438 0.266045 0.096875 0.156403
7 0.596875 0.213325 0.064583 0.050963
0 0.629167 0.175543 0.064583 0.154645
1 0.693750 0.105249 0.064583 0.179248
3 0.677604 0.134245 0.096875 0.237240
9 0.742188 0.208053 0.096875 0.339166
