2 0.064062 0.645774 0.096875 0.087998
6 0.112500 0.635679 0.064583 0.067807
0 0.177083 0.685404 0.064583 0.097943
8 0.290104 0.576160 0.096875 0.051232
6 0.338542 0.558831 0.064583 0.028629
8 0.306250 0.573146 0.129167 0.057259
8 0.322396 0.536983 0.161458 0.129586
8 0.354687 0.516641 0.161458 0.131093
8 0.548438 0.412670 0.096875 0.158215
8 0.564583 0.411917 0.129167 0.159722
8 0.580729 0.365959 0.161458 0.251638
8 0.742188 0.230346 0.096875 0.134106
7 0.790625 0.185142 0.064583 0.043698
0 0.822917 0.152745 0.064583 0.132599
1 0.887500 0.092472 0.064583 0.153695
3 0.871354 0.117335 0.096875 0.203420
9 0.935937 0.180621 0.096875 0.290815
