5 0.064062 0.060630 0.032292 0.090009
0 0.080208 0.083794 0.064583 0.136337
7 0.177083 0.087103 0.064583 0.050299
9 0.193229 0.087103 0.096875 0.050299
7 0.241667 0.104310 0.064583 0.055594
9 0.209375 0.097030 0.129167 0.070154
9 0.225521 0.177774 0.161458 0.231641
9 0.257812 0.197629 0.161458 0.271351
9 0.290104 0.258517 0.161458 0.364008
0 0.532292 0.539134 0.064583 0.146927
8 0.580729 0.508690 0.096875 0.207816
8 0.596875 0.462362 0.129167 0.300472
0 0.822917 0.259841 0.064583 0.104570
2 0.806771 0.261827 0.096875 0.108541
7 0.887500 0.180421 0.064583 0.048976
8 0.871354 0.234030 0.096875 0.156193
8 0.887500 0.224764 0.129167 0.174724
8 0.903646 0.210866 0.161458 0.202521
