1 0.047917 0.504750 0.064583 0.065098
2 0.096354 0.525706 0.096875 0.089175
6 0.112500 0.529719 0.064583 0.081149
8 0.128646 0.494940 0.096875 0.150706
0 0.241667 0.448123 0.064583 0.112360
8 0.290104 0.423600 0.096875 0.161407
8 0.306250 0.378121 0.129167 0.252365
8 0.322396 0.378121 0.161458 0.252365
8 0.354687 0.321941 0.161458 0.164974
3 0.516146 0.292513 0.096875 0.084716
0 0.564583 0.296080 0.064583 0.091850
9 0.677604 0.298310 0.096875 0.033887
9 0.693750 0.304998 0.129167 0.047263
9 0.709896 0.359394 0.161458 0.156056
9 0.742188 0.372771 0.161458 0.182809
9 0.774479 0.413791 0.161458 0.245231
