0 0.047917 0.448123 0.064583 0.112360
8 0.096354 0.423600 0.096875 0.161407
8 0.112500 0.378121 0.129167 0.252365
8 0.128646 0.378121 0.161458 0.252365
8 0.160938 0.321941 0.161458 0.164974
3 0.322396 0.292513 0.096875 0.084716
0 0.370833 0.296080 0.064583 0.091850
9 0.483854 0.298310 0.096875 0.033887
9 0.500000 0.304998 0.129167 0.047263
9 0.516146 0.359394 0.161458 0.156056
9 0.548438 0.372771 0.161458 0.182809
9 0.580729 0.413791 0.161458 0.245231
0 0.822917 0.602842 0.064583 0.098984
8 0.871354 0.582332 0.096875 0.140005
8 0.887500 0.551121 0.129167 0.202427
