6 0.080208 0.607014 0.064583 0.039492
8 0.064062 0.635152 0.096875 0.095768
9 0.225521 0.526550 0.096875 0.164878
9 0.241667 0.526550 0.129167 0.164878
9 0.257812 0.589243 0.161458 0.290264
2 0.322396 0.624292 0.096875 0.220167
9 0.419271 0.548270 0.096875 0.097742
1 0.532292 0.557156 0.064583 0.072072
2 0.580729 0.580357 0.096875 0.098729
6 0.596875 0.584800 0.064583 0.089844
8 0.613021 0.546295 0.096875 0.166853
0 0.726042 0.494463 0.064583 0.124399
8 0.774479 0.467312 0.096875 0.178700
8 0.790625 0.416960 0.129167 0.279404
8 0.806771 0.416960 0.161458 0.279404
8 0.839063 0.354760 0.161458 0.182649
