0 0.144792 0.568206 0.064583 0.125049
8 0.193229 0.542295 0.096875 0.176871
8 0.209375 0.502865 0.129167 0.255731
0 0.435417 0.330501 0.064583 0.088999
2 0.419271 0.332191 0.096875 0.092379
8 0.483854 0.308533 0.096875 0.132935
8 0.500000 0.300647 0.129167 0.148707
8 0.516146 0.288818 0.161458 0.172365
7 0.726042 0.176724 0.064583 0.047316
0 0.758333 0.169965 0.064583 0.051822
2 0.742188 0.172218 0.096875 0.056329
7 0.790625 0.167148 0.064583 0.057455
8 0.806771 0.150250 0.096875 0.091252
5 0.871354 0.082656 0.032292 0.039430
8 0.822917 0.129408 0.129167 0.132935
7 0.887500 0.082656 0.064583 0.039430
8 0.839063 0.129408 0.161458 0.132935
8 0.871354 0.095611 0.161458 0.159973
