0 0.047917 0.558078 0.064583 0.033150
2 0.160938 0.645774 0.096875 0.087998
6 0.209375 0.635679 0.064583 0.067807
0 0.273958 0.685404 0.064583 0.097943
8 0.386979 0.576160 0.096875 0.051232
6 0.435417 0.558831 0.064583 0.028629
8 0.403125 0.573146 0.129167 0.057259
8 0.419271 0.536983 0.161458 0.129586
8 0.451562 0.516641 0.161458 0.131093
8 0.645312 0.412670 0.096875 0.158215
8 0.661458 0.411917 0.129167 0.159722
8 0.677604 0.365959 0.161458 0.251638
8 0.839063 0.230346 0.096875 0.134106
7 0.887500 0.185142 0.064583 0.043698
0 0.919792 0.152745 0.064583 0.132599
