0 0.144792 0.637116 0.064583 0.108985
2 0.128646 0.639186 0.096875 0.113124
8 0.193229 0.610215 0.096875 0.162788
6 0.241667 0.536408 0.064583 0.053803
8 0.209375 0.600558 0.129167 0.182102
8 0.225521 0.586072 0.161458 0.211073
0 0.467708 0.440529 0.064583 0.063460
2 0.451562 0.443288 0.096875 0.068978
8 0.516146 0.416387 0.096875 0.111744
8 0.532292 0.390865 0.129167 0.162788
8 0.548438 0.390865 0.161458 0.162788
8 0.580729 0.349478 0.161458 0.195897
7 0.790625 0.141165 0.064583 0.212452
1 0.822917 0.154271 0.064583 0.238664
7 0.952083 0.110125 0.064583 0.070357
