9 0.064062 0.526550 0.096875 0.164878
9 0.080208 0.589243 0.129167 0.290264
2 0.128646 0.624292 0.096875 0.220167
9 0.225521 0.548270 0.096875 0.097742
1 0.338542 0.557156 0.064583 0.072072
2 0.386979 0.580357 0.096875 0.098729
6 0.403125 0.584800 0.064583 0.089844
8 0.419271 0.546295 0.096875 0.166853
0 0.532292 0.494463 0.064583 0.124399
8 0.580729 0.467312 0.096875 0.178700
8 0.596875 0.416960 0.129167 0.279404
8 0.613021 0.416960 0.161458 0.279404
8 0.645312 0.354760 0.161458 0.182649
3 0.806771 0.322180 0.096875 0.093793
0 0.855208 0.326129 0.064583 0.101691
