9 0.128646 0.548270 0.096875 0.097742
1 0.241667 0.557156 0.064583 0.072072
2 0.290104 0.580357 0.096875 0.098729
6 0.306250 0.584800 0.064583 0.089844
8 0.322396 0.546295 0.096875 0.166853
0 0.435417 0.494463 0.064583 0.124399
8 0.483854 0.467312 0.096875 0.178700
8 0.500000 0.416960 0.129167 0.279404
8 0.516146 0.416960 0.161458 0.279404
8 0.548438 0.354760 0.161458 0.182649
3 0.709896 0.322180 0.096875 0.093793
0 0.758333 0.326129 0.064583 0.101691
9 0.871354 0.328597 0.096875 0.037517
9 0.887500 0.336002 0.129167 0.052327
9 0.903646 0.396227 0.161458 0.172776
