7 0.080208 0.074959 0.064583 0.051243
9 0.096354 0.074959 0.096875 0.051243
7 0.144792 0.092489 0.064583 0.056637
9 0.112500 0.085073 0.129167 0.071470
9 0.128646 0.167331 0.161458 0.235987
9 0.160938 0.187559 0.161458 0.276442
9 0.193229 0.249590 0.161458 0.370837
0 0.435417 0.535471 0.064583 0.149684
8 0.483854 0.504456 0.096875 0.211714
8 0.500000 0.457259 0.129167 0.306109
0 0.726042 0.250938 0.064583 0.106531
2 0.709896 0.252961 0.096875 0.110577
7 0.790625 0.170028 0.064583 0.049894
8 0.774479 0.224642 0.096875 0.159123
8 0.790625 0.215203 0.129167 0.178002
8 0.806771 0.201044 0.161458 0.206321
