6 0.177083 0.534119 0.064583 0.062095
8 0.160938 0.578361 0.096875 0.150580
9 0.322396 0.407600 0.096875 0.259247
9 0.338542 0.407600 0.129167 0.259247
9 0.354687 0.506176 0.161458 0.456398
2 0.419271 0.561285 0.096875 0.346180
9 0.516146 0.441752 0.096875 0.153685
1 0.629167 0.455724 0.064583 0.113323
2 0.677604 0.492204 0.096875 0.155238
6 0.693750 0.499190 0.064583 0.141266
8 0.709896 0.438647 0.096875 0.262352
0 0.822917 0.357148 0.064583 0.195599
7 0.887500 0.227524 0.064583 0.107114
8 0.871354 0.314457 0.096875 0.280980
8 0.887500 0.235286 0.129167 0.439322
7 0.952083 0.089363 0.064583 0.147476
8 0.903646 0.235286 0.161458 0.439322
