7 0.047917 0.081465 0.064583 0.057609
9 0.064062 0.165136 0.096875 0.224952
9 0.080208 0.185711 0.129167 0.266102
9 0.096354 0.241263 0.161458 0.377206
0 0.338542 0.532055 0.064583 0.152254
8 0.386979 0.500507 0.096875 0.215351
8 0.403125 0.452499 0.129167 0.311367
0 0.629167 0.242635 0.064583 0.108361
2 0.613021 0.244692 0.096875 0.112476
7 0.693750 0.160335 0.064583 0.050751
8 0.677604 0.215888 0.096875 0.161856
8 0.693750 0.206286 0.129167 0.181059
8 0.709896 0.191883 0.161458 0.209864
7 0.919792 0.055403 0.064583 0.057610
0 0.952083 0.047173 0.064583 0.063096
2 0.935937 0.049917 0.096875 0.068583
