0 0.047917 0.678740 0.064583 0.111271
8 0.096354 0.655683 0.096875 0.157383
8 0.112500 0.620598 0.129167 0.227554
0 0.338542 0.467225 0.064583 0.079193
2 0.322396 0.468728 0.096875 0.082200
8 0.386979 0.447677 0.096875 0.118288
8 0.403125 0.440660 0.129167 0.132322
8 0.419271 0.430134 0.161458 0.153374
0 0.661458 0.324377 0.064583 0.046112
2 0.645312 0.326382 0.096875 0.050122
8 0.709896 0.306834 0.096875 0.081198
8 0.726042 0.288289 0.129167 0.118288
8 0.742188 0.288289 0.161458 0.118288
8 0.774479 0.258216 0.161458 0.142347
