1 0.112500 0.522914 0.064583 0.107374
6 0.144792 0.522914 0.064583 0.107374
2 0.160938 0.508670 0.096875 0.135861
0 0.241667 0.477992 0.064583 0.048209
2 0.354687 0.605526 0.096875 0.127973
6 0.403125 0.590844 0.064583 0.098609
0 0.467708 0.663157 0.064583 0.142435
8 0.580729 0.504287 0.096875 0.074505
8 0.596875 0.499905 0.129167 0.083270
8 0.613021 0.447313 0.161458 0.188453
8 0.645312 0.417731 0.161458 0.190644
8 0.839063 0.266530 0.096875 0.230088
7 0.887500 0.197504 0.064583 0.096418
8 0.855208 0.265435 0.129167 0.232279
8 0.871354 0.198600 0.161458 0.365949
