0 0.080208 0.685404 0.064583 0.097943
8 0.193229 0.576160 0.096875 0.051232
6 0.241667 0.558831 0.064583 0.028629
8 0.209375 0.573146 0.129167 0.057259
8 0.225521 0.536983 0.161458 0.129586
8 0.257812 0.516641 0.161458 0.131093
8 0.451562 0.412670 0.096875 0.158215
8 0.467708 0.411917 0.129167 0.159722
8 0.483854 0.365959 0.161458 0.251638
8 0.645312 0.230346 0.096875 0.134106
7 0.693750 0.185142 0.064583 0.043698
0 0.726042 0.152745 0.064583 0.132599
1 0.790625 0.092472 0.064583 0.153695
3 0.774479 0.117335 0.096875 0.203420
9 0.839063 0.180621 0.096875 0.290815
