8 0.064062 0.612341 0.096875 0.171039
6 0.112500 0.554687 0.064583 0.055732
0 0.144792 0.513369 0.064583 0.169118
1 0.209375 0.436497 0.064583 0.196023
3 0.193229 0.468207 0.096875 0.259442
9 0.257812 0.548922 0.096875 0.370906
6 0.370833 0.576788 0.064583 0.096089
8 0.548438 0.387491 0.096875 0.186414
9 0.709896 0.176095 0.096875 0.320939
9 0.726042 0.176095 0.129167 0.320939
9 0.742188 0.298128 0.161458 0.565007
2 0.806771 0.366352 0.096875 0.428560
7 0.855208 0.301011 0.064583 0.297878
7 0.919792 0.218374 0.064583 0.190257
9 0.903646 0.218374 0.096875 0.190257
