1 0.144792 0.649442 0.064583 0.084355
2 0.193229 0.676598 0.096875 0.115555
6 0.209375 0.681798 0.064583 0.105155
8 0.225521 0.636731 0.096875 0.195288
0 0.338542 0.576065 0.064583 0.145599
8 0.386979 0.544288 0.096875 0.209154
8 0.403125 0.485355 0.129167 0.327020
8 0.419271 0.485355 0.161458 0.327020
8 0.451562 0.412555 0.161458 0.213776
3 0.613021 0.374422 0.096875 0.109777
0 0.661458 0.379044 0.064583 0.119021
9 0.774479 0.381933 0.096875 0.043911
9 0.790625 0.390600 0.129167 0.061244
9 0.806771 0.461088 0.161458 0.202221
9 0.839063 0.478421 0.161458 0.236887
9 0.871354 0.531577 0.161458 0.317775
