0 0.241667 0.556496 0.064583 0.133861
8 0.290104 0.528759 0.096875 0.189335
8 0.306250 0.486551 0.129167 0.273752
0 0.532292 0.302040 0.064583 0.095271
2 0.516146 0.303849 0.096875 0.098888
8 0.580729 0.278523 0.096875 0.142303
8 0.596875 0.270082 0.129167 0.159186
8 0.613021 0.257419 0.161458 0.184512
7 0.822917 0.137427 0.064583 0.050650
0 0.855208 0.130191 0.064583 0.055474
2 0.839063 0.132603 0.096875 0.060298
7 0.887500 0.127176 0.064583 0.061504
8 0.903646 0.109086 0.096875 0.097682
5 0.968229 0.036729 0.032292 0.042208
8 0.919792 0.086776 0.129167 0.142303
