6 0.047917 0.698302 0.064583 0.054109
6 0.080208 0.705968 0.064583 0.038778
6 0.112500 0.706870 0.064583 0.040582
0 0.144792 0.690186 0.064583 0.088378
6 0.209375 0.666739 0.064583 0.032466
8 0.193229 0.690186 0.096875 0.088378
6 0.241667 0.655015 0.064583 0.055913
8 0.209375 0.680717 0.129167 0.107316
8 0.225521 0.655917 0.161458 0.156917
6 0.338542 0.611277 0.064583 0.074851
8 0.386979 0.586477 0.096875 0.124451
8 0.403125 0.537778 0.129167 0.221847
8 0.419271 0.498098 0.161458 0.301208
8 0.451562 0.449400 0.161458 0.321048
8 0.483854 0.390331 0.161458 0.347200
8 0.516146 0.350200 0.161458 0.393193
8 0.548438 0.279858 0.161458 0.398604
5 0.677604 0.182011 0.032292 0.123549
8 0.742188 0.136018 0.096875 0.217338
8 0.758333 0.130156 0.129167 0.229062
3 0.806771 0.113923 0.096875 0.196597
7 0.822917 0.113923 0.064583 0.196597
