6 0.177083 0.615038 0.064583 0.099561
9 0.193229 0.624585 0.096875 0.118655
9 0.209375 0.638223 0.129167 0.145932
9 0.225521 0.649816 0.161458 0.169118
6 0.306250 0.694141 0.064583 0.080467
6 0.370833 0.675047 0.064583 0.069556
6 0.403125 0.676411 0.064583 0.072284
2 0.419271 0.582306 0.096875 0.260496
6 0.435417 0.582306 0.064583 0.260496
8 0.451562 0.510021 0.096875 0.405064
2 0.548438 0.276803 0.096875 0.331416
5 0.677604 0.114504 0.032292 0.197759
9 0.839063 0.210656 0.096875 0.166390
9 0.855208 0.263164 0.129167 0.271407
2 0.935937 0.347723 0.096875 0.154115
