9 0.096354 0.378145 0.096875 0.199740
2 0.128646 0.400950 0.096875 0.154130
9 0.419271 0.513403 0.096875 0.218613
6 0.564583 0.596759 0.064583 0.114811
9 0.580729 0.607768 0.096875 0.136830
9 0.596875 0.623496 0.129167 0.168285
9 0.613021 0.636864 0.161458 0.195022
6 0.693750 0.687979 0.064583 0.092793
6 0.758333 0.665960 0.064583 0.080211
6 0.790625 0.667533 0.064583 0.083356
2 0.806771 0.559013 0.096875 0.300397
6 0.822917 0.559013 0.064583 0.300397
8 0.839063 0.475656 0.096875 0.467109
2 0.935937 0.206715 0.096875 0.382180
