9 0.064062 0.630231 0.096875 0.208288
9 0.080208 0.630231 0.129167 0.208288
6 0.144792 0.647194 0.064583 0.056017
8 0.193229 0.631020 0.096875 0.075741
8 0.209375 0.619580 0.129167 0.098621
6 0.273958 0.578948 0.064583 0.044182
8 0.225521 0.612874 0.161458 0.112033
6 0.338542 0.607351 0.064583 0.047338
6 0.370833 0.614057 0.064583 0.033926
6 0.403125 0.614846 0.064583 0.035504
0 0.435417 0.600250 0.064583 0.077319
6 0.500000 0.579737 0.064583 0.028403
8 0.483854 0.600250 0.096875 0.077319
6 0.532292 0.569481 0.064583 0.048916
8 0.500000 0.591966 0.129167 0.093887
8 0.516146 0.570270 0.161458 0.137280
6 0.629167 0.531216 0.064583 0.065484
8 0.677604 0.509519 0.096875 0.108878
8 0.693750 0.466915 0.129167 0.194086
8 0.709896 0.432200 0.161458 0.263515
8 0.742188 0.389596 0.161458 0.280873
8 0.774479 0.337918 0.161458 0.303753
8 0.806771 0.302809 0.161458 0.343990
8 0.839063 0.241270 0.161458 0.348724
5 0.968229 0.155667 0.032292 0.108089
