2 0.064062 0.494420 0.096875 0.252232
8 0.096354 0.501116 0.096875 0.238840
1 0.144792 0.421875 0.064583 0.080357
8 0.225521 0.276786 0.096875 0.352679
1 0.370833 0.123884 0.064583 0.140625
9 0.419271 0.185268 0.096875 0.263393
9 0.435417 0.393973 0.129167 0.680804
9 0.451562 0.393973 0.161458 0.680804
8 0.580729 0.441964 0.096875 0.214286
8 0.596875 0.409598 0.129167 0.279018
8 0.613021 0.390625 0.161458 0.316964
0 0.822917 0.354911 0.064583 0.218750
8 0.871354 0.354911 0.096875 0.218750
8 0.887500 0.331473 0.129167 0.265625
8 0.903646 0.270089 0.161458 0.388393
