8 0.064062 0.595932 0.096875 0.276886
8 0.080208 0.558437 0.129167 0.351876
8 0.096354 0.512289 0.161458 0.444171
8 0.128646 0.460950 0.161458 0.503010
8 0.160938 0.370962 0.161458 0.509932
8 0.354687 0.186948 0.096875 0.278040
8 0.370833 0.179449 0.129167 0.293038
3 0.419271 0.158683 0.096875 0.251505
7 0.435417 0.158683 0.064583 0.251505
7 0.693750 0.098691 0.064583 0.119984
7 0.726042 0.087731 0.064583 0.098064
8 0.709896 0.098691 0.096875 0.119984
1 0.758333 0.132148 0.064583 0.233046
5 0.903646 0.110228 0.032292 0.076144
0 0.952083 0.172527 0.064583 0.216894
