1 0.080208 0.477410 0.064583 0.059191
9 0.128646 0.503248 0.096875 0.110866
9 0.144792 0.591095 0.129167 0.286560
9 0.160938 0.591095 0.161458 0.286560
8 0.290104 0.611295 0.096875 0.090196
8 0.306250 0.597672 0.129167 0.117443
6 0.370833 0.549285 0.064583 0.052614
8 0.322396 0.589685 0.161458 0.133415
6 0.435417 0.583109 0.064583 0.056373
6 0.467708 0.591095 0.064583 0.040400
6 0.500000 0.592034 0.064583 0.042279
0 0.532292 0.574653 0.064583 0.092075
6 0.596875 0.550225 0.064583 0.033824
8 0.580729 0.574653 0.096875 0.092075
6 0.629167 0.538011 0.064583 0.058252
8 0.596875 0.564788 0.129167 0.111806
8 0.613021 0.538950 0.161458 0.163480
8 0.774479 0.466605 0.096875 0.129657
8 0.790625 0.415870 0.129167 0.231127
8 0.806771 0.374530 0.161458 0.313807
8 0.839063 0.323795 0.161458 0.334477
8 0.871354 0.262255 0.161458 0.361724
8 0.903646 0.220445 0.161458 0.409640
