0 0.047917 0.690186 0.064583 0.088378
6 0.112500 0.666739 0.064583 0.032466
8 0.096354 0.690186 0.096875 0.088378
6 0.144792 0.655015 0.064583 0.055913
8 0.112500 0.680717 0.129167 0.107316
8 0.128646 0.655917 0.161458 0.156917
6 0.241667 0.611277 0.064583 0.074851
8 0.290104 0.586477 0.096875 0.124451
8 0.306250 0.537778 0.129167 0.221847
8 0.322396 0.498098 0.161458 0.301208
8 0.354687 0.449400 0.161458 0.321048
8 0.386979 0.390331 0.161458 0.347200
8 0.419271 0.350200 0.161458 0.393193
8 0.451562 0.279858 0.161458 0.398604
5 0.580729 0.182011 0.032292 0.123549
8 0.645312 0.136018 0.096875 0.217338
8 0.661458 0.130156 0.129167 0.229062
3 0.709896 0.113923 0.096875 0.196597
7 0.726042 0.113923 0.064583 0.196597
