6 0.080208 0.675047 0.064583 0.069556
6 0.112500 0.676411 0.064583 0.072284
2 0.128646 0.582306 0.096875 0.260496
6 0.144792 0.582306 0.064583 0.260496
8 0.160938 0.510021 0.096875 0.405064
2 0.257812 0.276803 0.096875 0.331416
5 0.386979 0.114504 0.032292 0.197759
9 0.548438 0.210656 0.096875 0.166390
9 0.564583 0.263164 0.129167 0.271407
2 0.645312 0.347723 0.096875 0.154115
8 0.677604 0.351815 0.096875 0.145932
1 0.726042 0.303398 0.064583 0.049099
8 0.806771 0.214747 0.096875 0.215489
1 0.952083 0.121324 0.064583 0.085923
