9 0.128646 0.542754 0.096875 0.189575
6 0.273958 0.615038 0.064583 0.099561
9 0.290104 0.624585 0.096875 0.118655
9 0.306250 0.638223 0.129167 0.145932
9 0.322396 0.649816 0.161458 0.169118
6 0.403125 0.694141 0.064583 0.080467
6 0.467708 0.675047 0.064583 0.069556
6 0.500000 0.676411 0.064583 0.072284
2 0.516146 0.582306 0.096875 0.260496
6 0.532292 0.582306 0.064583 0.260496
8 0.548438 0.510021 0.096875 0.405064
2 0.645312 0.276803 0.096875 0.331416
5 0.774479 0.114504 0.032292 0.197759
9 0.935937 0.210656 0.096875 0.166390
