6 0.047917 0.704863 0.064583 0.059023
8 0.064062 0.678684 0.096875 0.111382
6 0.144792 0.658692 0.064583 0.079015
8 0.193229 0.632512 0.096875 0.131374
8 0.209375 0.581105 0.129167 0.234189
8 0.225521 0.539218 0.161458 0.317964
8 0.257812 0.487810 0.161458 0.338907
8 0.290104 0.425455 0.161458 0.366515
8 0.322396 0.383092 0.161458 0.415066
8 0.354687 0.308837 0.161458 0.420778
5 0.483854 0.205546 0.032292 0.130422
8 0.548438 0.156995 0.096875 0.229429
8 0.564583 0.150807 0.129167 0.241805
3 0.613021 0.133671 0.096875 0.207533
7 0.629167 0.133671 0.064583 0.207533
7 0.887500 0.084168 0.064583 0.099007
7 0.919792 0.075124 0.064583 0.080919
8 0.903646 0.084168 0.096875 0.099007
1 0.952083 0.111776 0.064583 0.192301
