6 0.047917 0.692774 0.064583 0.083203
8 0.096354 0.665207 0.096875 0.138337
8 0.112500 0.611075 0.129167 0.246600
8 0.128646 0.566967 0.161458 0.334815
8 0.160938 0.512836 0.161458 0.356869
8 0.193229 0.447176 0.161458 0.385940
8 0.225521 0.402567 0.161458 0.437064
8 0.257812 0.324377 0.161458 0.443079
5 0.386979 0.215612 0.032292 0.137334
8 0.451562 0.164487 0.096875 0.241588
8 0.467708 0.157972 0.129167 0.254620
3 0.516146 0.139928 0.096875 0.218532
7 0.532292 0.139928 0.064583 0.218532
7 0.790625 0.087801 0.064583 0.104254
7 0.822917 0.078278 0.064583 0.085207
8 0.806771 0.087801 0.096875 0.104254
1 0.855208 0.116872 0.064583 0.202493
