5 0.096354 0.164085 0.032292 0.296919
9 0.257812 0.308449 0.096875 0.249822
9 0.273958 0.387286 0.129167 0.407496
2 0.354687 0.514245 0.096875 0.231392
8 0.386979 0.520388 0.096875 0.219106
1 0.435417 0.447694 0.064583 0.073718
8 0.516146 0.314592 0.096875 0.323540
1 0.661458 0.174323 0.064583 0.129006
9 0.709896 0.230636 0.096875 0.241631
9 0.726042 0.422098 0.129167 0.624555
9 0.742188 0.422098 0.161458 0.624555
8 0.871354 0.466124 0.096875 0.196581
8 0.887500 0.436432 0.129167 0.255965
8 0.903646 0.419026 0.161458 0.290776
