1 0.177083 0.376960 0.064583 0.082329
9 0.225521 0.412898 0.096875 0.154205
9 0.241667 0.535085 0.129167 0.398580
9 0.257812 0.535085 0.161458 0.398580
8 0.386979 0.563182 0.096875 0.125454
8 0.403125 0.544233 0.129167 0.163352
8 0.419271 0.533125 0.161458 0.185568
6 0.532292 0.523977 0.064583 0.078409
6 0.564583 0.535085 0.064583 0.056193
6 0.596875 0.536392 0.064583 0.058807
0 0.629167 0.512216 0.064583 0.128068
8 0.677604 0.512216 0.096875 0.128068
8 0.693750 0.498494 0.129167 0.155511
8 0.709896 0.462557 0.161458 0.227386
8 0.871354 0.361932 0.096875 0.180341
8 0.887500 0.291364 0.129167 0.321477
8 0.903646 0.233864 0.161458 0.436477
