9 0.064062 0.270089 0.096875 0.272321
9 0.080208 0.356027 0.129167 0.444196
2 0.160938 0.494420 0.096875 0.252232
8 0.193229 0.501116 0.096875 0.238840
1 0.241667 0.421875 0.064583 0.080357
8 0.322396 0.276786 0.096875 0.352679
1 0.467708 0.123884 0.064583 0.140625
9 0.516146 0.185268 0.096875 0.263393
9 0.532292 0.393973 0.129167 0.680804
9 0.548438 0.393973 0.161458 0.680804
8 0.677604 0.441964 0.096875 0.214286
8 0.693750 0.409598 0.129167 0.279018
8 0.709896 0.390625 0.161458 0.316964
0 0.919792 0.354911 0.064583 0.218750
