6 0.080208 0.615038 0.064583 0.099561
9 0.096354 0.624585 0.096875 0.118655
9 0.112500 0.638223 0.129167 0.145932
9 0.128646 0.649816 0.161458 0.169118
6 0.209375 0.694141 0.064583 0.080467
6 0.273958 0.675047 0.064583 0.069556
6 0.306250 0.676411 0.064583 0.072284
2 0.322396 0.582306 0.096875 0.260496
6 0.338542 0.582306 0.064583 0.260496
8 0.354687 0.510021 0.096875 0.405064
2 0.451562 0.276803 0.096875 0.331416
5 0.580729 0.114504 0.032292 0.197759
9 0.742188 0.210656 0.096875 0.166390
9 0.758333 0.263164 0.129167 0.271407
2 0.839063 0.347723 0.096875 0.154115
8 0.871354 0.351815 0.096875 0.145932
1 0.919792 0.303398 0.064583 0.049099
