9 0.064062 0.681867 0.096875 0.105017
6 0.112500 0.694141 0.064583 0.080467
6 0.177083 0.675047 0.064583 0.069556
6 0.209375 0.676411 0.064583 0.072284
2 0.225521 0.582306 0.096875 0.260496
6 0.241667 0.582306 0.064583 0.260496
8 0.257812 0.510021 0.096875 0.405064
2 0.354687 0.276803 0.096875 0.331416
5 0.483854 0.114504 0.032292 0.197759
9 0.645312 0.210656 0.096875 0.166390
9 0.661458 0.263164 0.129167 0.271407
2 0.742188 0.347723 0.096875 0.154115
8 0.774479 0.351815 0.096875 0.145932
1 0.822917 0.303398 0.064583 0.049099
8 0.903646 0.214747 0.096875 0.215489
