6 0.047917 0.703854 0.064583 0.061042
8 0.096354 0.686229 0.096875 0.082536
8 0.112500 0.673763 0.129167 0.107469
6 0.177083 0.629486 0.064583 0.048146
8 0.128646 0.666455 0.161458 0.122084
6 0.241667 0.660437 0.064583 0.051585
6 0.273958 0.667744 0.064583 0.036969
6 0.306250 0.668604 0.064583 0.038689
0 0.338542 0.652699 0.064583 0.084255
6 0.403125 0.630345 0.064583 0.030951
8 0.386979 0.652699 0.096875 0.084255
6 0.435417 0.619169 0.064583 0.053304
8 0.403125 0.643672 0.129167 0.102310
8 0.419271 0.620028 0.161458 0.149596
6 0.532292 0.577471 0.064583 0.071359
8 0.580729 0.553828 0.096875 0.118645
8 0.596875 0.507401 0.129167 0.211498
8 0.613021 0.469572 0.161458 0.287156
8 0.645312 0.423146 0.161458 0.306071
8 0.677604 0.366832 0.161458 0.331003
8 0.709896 0.328573 0.161458 0.374850
8 0.742188 0.261513 0.161458 0.380009
5 0.871354 0.168230 0.032292 0.117786
8 0.935937 0.124383 0.096875 0.207200
