6 0.047917 0.712936 0.064583 0.034157
3 0.096354 0.719840 0.096875 0.029070
0 0.241667 0.522166 0.064583 0.088663
8 0.290104 0.428052 0.096875 0.276890
8 0.306250 0.330669 0.129167 0.471657
8 0.322396 0.315770 0.161458 0.501454
0 0.467708 0.248910 0.064583 0.111918
1 0.532292 0.145349 0.064583 0.217296
7 0.661458 0.236192 0.064583 0.127180
8 0.709896 0.235828 0.096875 0.117733
8 0.726042 0.208939 0.129167 0.171512
1 0.790625 0.108285 0.064583 0.185320
8 0.903646 0.167878 0.096875 0.146076
8 0.919792 0.152253 0.129167 0.177326
