8 0.128646 0.649590 0.096875 0.154799
6 0.241667 0.595234 0.064583 0.056720
8 0.419271 0.572782 0.096875 0.098078
6 0.467708 0.541763 0.064583 0.036041
8 0.435417 0.572782 0.129167 0.098078
6 0.500000 0.547376 0.064583 0.023633
6 0.564583 0.550921 0.064583 0.046085
9 0.548438 0.550921 0.096875 0.046085
6 0.629167 0.542354 0.064583 0.027769
3 0.677604 0.547967 0.096875 0.023633
0 0.822917 0.387260 0.064583 0.072082
8 0.871354 0.310747 0.096875 0.225108
8 0.887500 0.231575 0.129167 0.383452
8 0.903646 0.219463 0.161458 0.407676
