0 0.047917 0.686406 0.064583 0.095938
8 0.096354 0.584570 0.096875 0.299610
8 0.112500 0.479195 0.129167 0.510360
8 0.128646 0.463074 0.161458 0.542601
0 0.273958 0.390728 0.064583 0.121102
1 0.338542 0.278668 0.064583 0.235127
8 0.516146 0.376573 0.096875 0.127393
8 0.532292 0.347477 0.129167 0.185585
1 0.596875 0.238563 0.064583 0.200526
8 0.709896 0.303046 0.096875 0.158062
8 0.726042 0.286139 0.129167 0.191876
7 0.790625 0.212220 0.064583 0.044037
8 0.871354 0.179192 0.096875 0.160421
5 0.935937 0.049832 0.032292 0.068415
8 0.887500 0.137514 0.129167 0.243777
8 0.903646 0.137514 0.161458 0.243777
