6 0.080208 0.691693 0.064583 0.085365
8 0.096354 0.680627 0.096875 0.107496
8 0.112500 0.652699 0.129167 0.163352
8 0.128646 0.652699 0.161458 0.163352
6 0.209375 0.611597 0.064583 0.067449
8 0.160938 0.650855 0.161458 0.159664
8 0.193229 0.565753 0.161458 0.213939
8 0.225521 0.532556 0.161458 0.225532
8 0.257812 0.509370 0.161458 0.271902
8 0.613021 0.447981 0.096875 0.110131
8 0.629167 0.434017 0.129167 0.138059
8 0.645312 0.417419 0.161458 0.171256
8 0.806771 0.227192 0.096875 0.233436
7 0.855208 0.171337 0.064583 0.099592
8 0.935937 0.118379 0.096875 0.205508
