8 0.064062 0.643277 0.096875 0.182197
1 0.112500 0.536352 0.064583 0.196865
8 0.225521 0.599658 0.096875 0.155176
8 0.241667 0.583059 0.129167 0.188373
6 0.370833 0.494277 0.064583 0.125067
8 0.386979 0.478065 0.096875 0.157492
8 0.403125 0.437148 0.129167 0.239326
8 0.419271 0.437148 0.161458 0.239326
8 0.451562 0.434446 0.161458 0.233922
8 0.483854 0.309764 0.161458 0.313440
8 0.516146 0.261127 0.161458 0.330424
8 0.548438 0.227158 0.161458 0.398362
7 0.726042 0.236809 0.064583 0.212305
8 0.903646 0.137218 0.096875 0.161352
8 0.919792 0.116760 0.129167 0.202269
