8 0.064062 0.695011 0.096875 0.078728
6 0.112500 0.687057 0.064583 0.052213
8 0.080208 0.695011 0.129167 0.078728
8 0.096354 0.651568 0.161458 0.165614
8 0.128646 0.625869 0.161458 0.174589
8 0.160938 0.607921 0.161458 0.210485
6 0.500000 0.575695 0.064583 0.054661
8 0.516146 0.560398 0.096875 0.085255
8 0.532292 0.549589 0.129167 0.106874
8 0.548438 0.536739 0.161458 0.132573
8 0.709896 0.389481 0.096875 0.180707
8 0.839063 0.305246 0.096875 0.159088
8 0.855208 0.281995 0.129167 0.205590
8 0.871354 0.234269 0.161458 0.301043
8 0.903646 0.189398 0.161458 0.347545
