8 0.064062 0.671106 0.096875 0.126538
8 0.080208 0.657912 0.129167 0.152925
6 0.403125 0.635123 0.064583 0.040180
8 0.419271 0.623879 0.096875 0.062670
8 0.435417 0.615933 0.129167 0.078562
8 0.451562 0.606487 0.161458 0.097452
6 0.564583 0.530025 0.064583 0.081860
8 0.613021 0.498240 0.096875 0.132835
8 0.742188 0.436320 0.096875 0.116943
8 0.758333 0.419228 0.129167 0.151126
8 0.774479 0.384146 0.161458 0.221292
8 0.806771 0.351162 0.161458 0.255476
8 0.839063 0.277548 0.161458 0.300154
5 0.935937 0.097635 0.032292 0.164020
