8 0.064062 0.572889 0.096875 0.322973
0 0.177083 0.607355 0.064583 0.119275
1 0.241667 0.496986 0.064583 0.231580
6 0.273958 0.496986 0.064583 0.231580
8 0.419271 0.593413 0.096875 0.125472
8 0.435417 0.564756 0.129167 0.182786
1 0.500000 0.457486 0.064583 0.197501
8 0.613021 0.520996 0.096875 0.155678
8 0.629167 0.504344 0.129167 0.188982
8 0.774479 0.399010 0.096875 0.158001
8 0.790625 0.357961 0.129167 0.240100
8 0.806771 0.357961 0.161458 0.240100
8 0.839063 0.355250 0.161458 0.234678
8 0.871354 0.230166 0.161458 0.314453
8 0.903646 0.181371 0.161458 0.331492
