6 0.047917 0.683316 0.064583 0.062841
8 0.225521 0.658442 0.096875 0.108663
6 0.273958 0.624075 0.064583 0.039930
8 0.241667 0.658442 0.129167 0.108663
6 0.306250 0.630294 0.064583 0.026184
9 0.354687 0.634221 0.096875 0.051058
6 0.435417 0.624730 0.064583 0.030766
3 0.483854 0.630948 0.096875 0.026184
0 0.629167 0.452897 0.064583 0.079861
8 0.677604 0.368127 0.096875 0.249402
8 0.693750 0.280410 0.129167 0.424835
8 0.709896 0.266991 0.161458 0.451674
0 0.855208 0.206768 0.064583 0.100808
1 0.919792 0.113488 0.064583 0.195725
