8 0.128646 0.671508 0.096875 0.125734
8 0.144792 0.658059 0.129167 0.152633
6 0.273958 0.586121 0.064583 0.101338
8 0.290104 0.572985 0.096875 0.127611
8 0.306250 0.539831 0.129167 0.193919
8 0.322396 0.539831 0.161458 0.193919
8 0.354687 0.537641 0.161458 0.189540
8 0.386979 0.436616 0.161458 0.253971
8 0.419271 0.397207 0.161458 0.267733
8 0.451562 0.369683 0.161458 0.322781
8 0.806771 0.296807 0.096875 0.130739
8 0.822917 0.280230 0.129167 0.163893
8 0.839063 0.260525 0.161458 0.203302
7 0.919792 0.201411 0.064583 0.085074
