6 0.080208 0.673830 0.064583 0.043196
8 0.064062 0.693304 0.096875 0.082143
6 0.112500 0.680557 0.064583 0.028325
9 0.160938 0.684806 0.096875 0.055234
6 0.241667 0.674538 0.064583 0.033282
3 0.290104 0.681266 0.096875 0.028325
0 0.435417 0.488655 0.064583 0.086392
8 0.483854 0.396952 0.096875 0.269797
8 0.500000 0.302063 0.129167 0.459575
8 0.516146 0.287546 0.161458 0.488608
0 0.661458 0.222398 0.064583 0.109052
1 0.726042 0.121490 0.064583 0.211730
7 0.855208 0.210006 0.064583 0.123923
8 0.903646 0.209652 0.096875 0.114717
8 0.919792 0.183451 0.129167 0.167118
