1 0.047917 0.568719 0.064583 0.233087
6 0.080208 0.568719 0.064583 0.233087
8 0.225521 0.665774 0.096875 0.126288
8 0.241667 0.636931 0.129167 0.183975
1 0.306250 0.528962 0.064583 0.198786
8 0.419271 0.592886 0.096875 0.156691
8 0.435417 0.576125 0.129167 0.190211
8 0.580729 0.470106 0.096875 0.159029
8 0.596875 0.428789 0.129167 0.241662
8 0.613021 0.428789 0.161458 0.241662
8 0.645312 0.426061 0.161458 0.236205
8 0.677604 0.300163 0.161458 0.316500
8 0.709896 0.251051 0.161458 0.333650
8 0.742188 0.216750 0.161458 0.402250
7 0.919792 0.226495 0.064583 0.214378
