8 0.128646 0.678360 0.096875 0.112030
6 0.177083 0.642928 0.064583 0.041168
8 0.144792 0.678360 0.129167 0.112030
6 0.209375 0.649340 0.064583 0.026995
9 0.257812 0.653389 0.096875 0.052641
6 0.338542 0.643603 0.064583 0.031719
3 0.386979 0.650015 0.096875 0.026995
0 0.532292 0.466447 0.064583 0.082336
8 0.580729 0.379049 0.096875 0.257130
8 0.596875 0.288615 0.129167 0.437999
8 0.613021 0.274780 0.161458 0.465669
0 0.758333 0.212691 0.064583 0.103932
1 0.822917 0.116520 0.064583 0.201790
7 0.952083 0.200880 0.064583 0.118105
