0 0.080208 0.674802 0.064583 0.119147
1 0.144792 0.564552 0.064583 0.231331
6 0.177083 0.564552 0.064583 0.231331
8 0.322396 0.660875 0.096875 0.125337
8 0.338542 0.632249 0.129167 0.182589
1 0.403125 0.525094 0.064583 0.197288
8 0.516146 0.588536 0.096875 0.155510
8 0.532292 0.571902 0.129167 0.188778
8 0.677604 0.466681 0.096875 0.157831
8 0.693750 0.425676 0.129167 0.239841
8 0.709896 0.425676 0.161458 0.239841
8 0.742188 0.422968 0.161458 0.234425
8 0.774479 0.298019 0.161458 0.314115
8 0.806771 0.249277 0.161458 0.331136
8 0.839063 0.215235 0.161458 0.399219
