9 0.064062 0.666925 0.096875 0.074465
9 0.080208 0.670702 0.129167 0.082020
6 0.144792 0.694984 0.064583 0.033455
1 0.177083 0.696063 0.064583 0.044247
0 0.241667 0.703618 0.064583 0.061515
0 0.306250 0.690667 0.064583 0.031297
8 0.354687 0.658291 0.096875 0.093891
6 0.435417 0.621598 0.064583 0.050723
8 0.483854 0.513678 0.096875 0.257930
8 0.500000 0.454322 0.129167 0.376642
1 0.564583 0.358812 0.064583 0.192098
5 0.742188 0.097105 0.032292 0.162960
5 0.774479 0.200709 0.032292 0.145693
1 0.887500 0.228768 0.064583 0.096049
