6 0.047917 0.578714 0.064583 0.048729
0 0.177083 0.645716 0.064583 0.058204
6 0.241667 0.604432 0.064583 0.067679
6 0.306250 0.615937 0.064583 0.069032
6 0.338542 0.629473 0.064583 0.044668
6 0.435417 0.675494 0.064583 0.055497
9 0.483854 0.695121 0.096875 0.078507
6 0.532292 0.649100 0.064583 0.170551
8 0.580729 0.375000 0.096875 0.718750
8 0.596875 0.375000 0.129167 0.718750
3 0.677604 0.266714 0.096875 0.274776
0 0.726042 0.211894 0.064583 0.194915
0 0.822917 0.243026 0.064583 0.119115
7 0.855208 0.243026 0.064583 0.119115
5 0.903646 0.183469 0.032292 0.105579
