6 0.144792 0.578714 0.064583 0.048729
0 0.273958 0.645716 0.064583 0.058204
6 0.338542 0.604432 0.064583 0.067679
6 0.403125 0.615937 0.064583 0.069032
6 0.435417 0.629473 0.064583 0.044668
6 0.532292 0.675494 0.064583 0.055497
9 0.580729 0.695121 0.096875 0.078507
6 0.629167 0.649100 0.064583 0.170551
8 0.677604 0.375000 0.096875 0.718750
8 0.693750 0.375000 0.129167 0.718750
3 0.774479 0.266714 0.096875 0.274776
0 0.822917 0.211894 0.064583 0.194915
0 0.919792 0.243026 0.064583 0.119115
7 0.952083 0.243026 0.064583 0.119115
