6 0.047917 0.670162 0.064583 0.033455
6 0.080208 0.671781 0.064583 0.032376
9 0.160938 0.666925 0.096875 0.074465
9 0.177083 0.670702 0.129167 0.082020
6 0.241667 0.694984 0.064583 0.033455
1 0.273958 0.696063 0.064583 0.044247
0 0.338542 0.703618 0.064583 0.061515
0 0.403125 0.690667 0.064583 0.031297
8 0.451562 0.658291 0.096875 0.093891
6 0.532292 0.621598 0.064583 0.050723
8 0.580729 0.513678 0.096875 0.257930
8 0.596875 0.454322 0.129167 0.376642
1 0.661458 0.358812 0.064583 0.192098
5 0.839063 0.097105 0.032292 0.162960
5 0.871354 0.200709 0.032292 0.145693
