5 0.031771 0.063955 0.032292 0.066918
3 0.064062 0.080065 0.096875 0.128879
7 0.144792 0.153179 0.064583 0.081789
3 0.160938 0.144504 0.096875 0.099138
0 0.241667 0.197791 0.064583 0.081789
7 0.273958 0.223815 0.064583 0.133836
9 0.322396 0.308082 0.096875 0.297414
9 0.338542 0.326670 0.129167 0.334591
9 0.354687 0.422091 0.161458 0.525431
9 0.677604 0.336584 0.096875 0.190841
9 0.693750 0.361368 0.129167 0.240410
9 0.709896 0.366325 0.161458 0.250323
0 0.790625 0.469181 0.064583 0.099138
9 0.903646 0.425808 0.096875 0.151185
