6 0.047917 0.675494 0.064583 0.055497
9 0.096354 0.695121 0.096875 0.078507
6 0.144792 0.649100 0.064583 0.170551
8 0.193229 0.375000 0.096875 0.718750
8 0.209375 0.375000 0.129167 0.718750
3 0.290104 0.266714 0.096875 0.274776
0 0.338542 0.211894 0.064583 0.194915
0 0.435417 0.243026 0.064583 0.119115
7 0.467708 0.243026 0.064583 0.119115
5 0.516146 0.183469 0.032292 0.105579
8 0.677604 0.268744 0.096875 0.092043
1 0.726042 0.250471 0.064583 0.055497
8 0.806771 0.175347 0.096875 0.203037
5 0.871354 0.064354 0.032292 0.092043
