6 0.144792 0.599188 0.064583 0.029828
6 0.177083 0.600632 0.064583 0.028865
9 0.257812 0.596302 0.096875 0.066391
6 0.306250 0.621800 0.064583 0.028866
9 0.273958 0.599670 0.129167 0.073126
6 0.338542 0.621319 0.064583 0.029828
1 0.370833 0.622281 0.064583 0.039449
0 0.435417 0.629016 0.064583 0.054844
0 0.500000 0.617470 0.064583 0.027903
8 0.548438 0.588604 0.096875 0.083710
6 0.629167 0.555890 0.064583 0.045222
8 0.677604 0.459672 0.096875 0.229962
8 0.693750 0.406752 0.129167 0.335802
1 0.758333 0.321599 0.064583 0.171268
5 0.935937 0.088270 0.032292 0.145290
5 0.968229 0.180639 0.032292 0.129895
