5 0.128646 0.063955 0.032292 0.066918
8 0.096354 0.118481 0.096875 0.175970
3 0.160938 0.080065 0.096875 0.128879
7 0.241667 0.153179 0.064583 0.081789
3 0.257812 0.144504 0.096875 0.099138
0 0.338542 0.197791 0.064583 0.081789
7 0.370833 0.223815 0.064583 0.133836
9 0.419271 0.308082 0.096875 0.297414
9 0.435417 0.326670 0.129167 0.334591
9 0.451562 0.422091 0.161458 0.525431
9 0.774479 0.336584 0.096875 0.190841
9 0.790625 0.361368 0.129167 0.240410
9 0.806771 0.366325 0.161458 0.250323
0 0.887500 0.469181 0.064583 0.099138
