7 0.047917 0.091218 0.064583 0.042134
5 0.225521 0.063955 0.032292 0.066918
8 0.193229 0.118481 0.096875 0.175970
3 0.257812 0.080065 0.096875 0.128879
7 0.338542 0.153179 0.064583 0.081789
3 0.354687 0.144504 0.096875 0.099138
0 0.435417 0.197791 0.064583 0.081789
7 0.467708 0.223815 0.064583 0.133836
9 0.516146 0.308082 0.096875 0.297414
9 0.532292 0.326670 0.129167 0.334591
9 0.548438 0.422091 0.161458 0.525431
9 0.871354 0.336584 0.096875 0.190841
9 0.887500 0.361368 0.129167 0.240410
9 0.903646 0.366325 0.161458 0.250323
