6 0.047917 0.629473 0.064583 0.044668
6 0.144792 0.675494 0.064583 0.055497
9 0.193229 0.695121 0.096875 0.078507
6 0.241667 0.649100 0.064583 0.170551
8 0.290104 0.375000 0.096875 0.718750
8 0.306250 0.375000 0.129167 0.718750
3 0.386979 0.266714 0.096875 0.274776
0 0.435417 0.211894 0.064583 0.194915
0 0.532292 0.243026 0.064583 0.119115
7 0.564583 0.243026 0.064583 0.119115
5 0.613021 0.183469 0.032292 0.105579
8 0.774479 0.268744 0.096875 0.092043
1 0.822917 0.250471 0.064583 0.055497
8 0.903646 0.175347 0.096875 0.203037
5 0.968229 0.064354 0.032292 0.092043
