9 0.096354 0.505273 0.096875 0.105566
9 0.112500 0.513696 0.129167 0.122412
6 0.241667 0.576587 0.064583 0.034814
6 0.273958 0.578271 0.064583 0.033691
9 0.354687 0.573218 0.096875 0.077490
9 0.370833 0.577148 0.129167 0.085352
6 0.435417 0.602417 0.064583 0.034814
1 0.467708 0.603540 0.064583 0.046045
0 0.532292 0.611401 0.064583 0.064014
0 0.596875 0.597925 0.064583 0.032568
8 0.645312 0.564233 0.096875 0.097705
8 0.774479 0.413745 0.096875 0.268408
8 0.790625 0.351978 0.129167 0.391943
1 0.855208 0.252588 0.064583 0.199902
