6 0.047917 0.649100 0.064583 0.170551
8 0.096354 0.375000 0.096875 0.718750
8 0.112500 0.375000 0.129167 0.718750
3 0.193229 0.266714 0.096875 0.274776
0 0.241667 0.211894 0.064583 0.194915
0 0.338542 0.243026 0.064583 0.119115
7 0.370833 0.243026 0.064583 0.119115
5 0.419271 0.183469 0.032292 0.105579
8 0.580729 0.268744 0.096875 0.092043
1 0.629167 0.250471 0.064583 0.055497
8 0.709896 0.175347 0.096875 0.203037
5 0.774479 0.064354 0.032292 0.092043
9 0.871354 0.121204 0.096875 0.127236
9 0.887500 0.131356 0.129167 0.147540
