6 0.047917 0.604432 0.064583 0.067679
6 0.112500 0.615937 0.064583 0.069032
6 0.144792 0.629473 0.064583 0.044668
6 0.241667 0.675494 0.064583 0.055497
9 0.290104 0.695121 0.096875 0.078507
6 0.338542 0.649100 0.064583 0.170551
8 0.386979 0.375000 0.096875 0.718750
8 0.403125 0.375000 0.129167 0.718750
3 0.483854 0.266714 0.096875 0.274776
0 0.532292 0.211894 0.064583 0.194915
0 0.629167 0.243026 0.064583 0.119115
7 0.661458 0.243026 0.064583 0.119115
5 0.709896 0.183469 0.032292 0.105579
8 0.871354 0.268744 0.096875 0.092043
1 0.919792 0.250471 0.064583 0.055497
