6 0.080208 0.588865 0.064583 0.039254
9 0.064062 0.573976 0.096875 0.069032
0 0.112500 0.596310 0.064583 0.054143
9 0.225521 0.572622 0.096875 0.082568
6 0.338542 0.578714 0.064583 0.048729
0 0.467708 0.645716 0.064583 0.058204
6 0.532292 0.604432 0.064583 0.067679
6 0.596875 0.615937 0.064583 0.069032
6 0.629167 0.629473 0.064583 0.044668
6 0.726042 0.675494 0.064583 0.055497
9 0.774479 0.695121 0.096875 0.078507
6 0.822917 0.649100 0.064583 0.170551
8 0.871354 0.375000 0.096875 0.718750
8 0.887500 0.375000 0.129167 0.718750
