8 0.064062 0.667481 0.096875 0.133787
8 0.080208 0.667481 0.129167 0.133787
8 0.096354 0.627630 0.161458 0.213490
8 0.128646 0.570699 0.161458 0.306003
9 0.386979 0.369307 0.096875 0.146597
2 0.451562 0.395637 0.096875 0.142327
8 0.483854 0.386386 0.096875 0.160829
1 0.532292 0.337639 0.064583 0.063335
0 0.564583 0.295653 0.064583 0.147308
7 0.726042 0.098886 0.064583 0.166522
9 0.774479 0.134824 0.096875 0.238397
8 0.871354 0.257580 0.096875 0.125247
8 0.887500 0.230182 0.129167 0.180043
8 0.903646 0.230182 0.161458 0.180043
