1 0.144792 0.178554 0.064583 0.165722
9 0.193229 0.189261 0.096875 0.187136
9 0.209375 0.250708 0.129167 0.310031
8 0.322396 0.336828 0.096875 0.189929
8 0.338542 0.332638 0.129167 0.198308
8 0.354687 0.321001 0.161458 0.221583
9 0.483854 0.236278 0.096875 0.210411
8 0.580729 0.326587 0.096875 0.083792
3 0.613021 0.330311 0.096875 0.091240
9 0.742188 0.455999 0.096875 0.210411
9 0.758333 0.471361 0.129167 0.241135
9 0.774479 0.531412 0.161458 0.361237
9 0.806771 0.561205 0.161458 0.325858
2 0.871354 0.607290 0.096875 0.254169
