0 0.047917 0.688263 0.064583 0.092225
6 0.112500 0.641649 0.064583 0.093227
0 0.144792 0.559449 0.064583 0.271661
8 0.193229 0.517848 0.096875 0.354864
2 0.354687 0.263729 0.096875 0.291710
8 0.386979 0.224133 0.096875 0.370903
9 0.483854 0.182531 0.096875 0.333813
9 0.500000 0.235661 0.129167 0.440072
2 0.580729 0.287788 0.096875 0.335818
1 0.726042 0.295306 0.064583 0.178434
9 0.774479 0.306834 0.096875 0.201490
9 0.790625 0.372995 0.129167 0.333813
8 0.903646 0.465721 0.096875 0.204498
8 0.919792 0.461210 0.129167 0.213520
