1 0.047917 0.574478 0.064583 0.055917
0 0.080208 0.537410 0.064583 0.130054
9 0.290104 0.395419 0.096875 0.210473
8 0.386979 0.503797 0.096875 0.110577
8 0.403125 0.479608 0.129167 0.158954
8 0.419271 0.479608 0.161458 0.158954
8 0.451562 0.477409 0.161458 0.154556
6 0.564583 0.532698 0.064583 0.129425
8 0.645312 0.565682 0.096875 0.155185
9 0.742188 0.607149 0.096875 0.254453
8 0.839063 0.459818 0.096875 0.464926
8 0.855208 0.353953 0.129167 0.676655
8 0.871354 0.353953 0.161458 0.676655
7 0.952083 0.160757 0.064583 0.116860
