2 0.096354 0.233059 0.096875 0.316911
3 0.160938 0.198065 0.096875 0.364880
9 0.193229 0.194526 0.096875 0.357802
9 0.209375 0.221656 0.129167 0.412062
9 0.225521 0.221656 0.161458 0.412062
0 0.370833 0.264907 0.064583 0.086502
9 0.516146 0.320347 0.096875 0.183226
9 0.532292 0.342758 0.129167 0.228050
9 0.548438 0.355734 0.161458 0.254000
1 0.661458 0.471725 0.064583 0.099084
9 0.709896 0.562944 0.096875 0.281523
9 0.726042 0.578279 0.129167 0.312192
0 0.790625 0.688372 0.064583 0.092006
8 0.839063 0.660455 0.096875 0.147839
8 0.855208 0.660455 0.129167 0.147839
8 0.871354 0.616418 0.161458 0.235914
8 0.903646 0.553508 0.161458 0.338143
