1 0.080208 0.496689 0.064583 0.089666
9 0.128646 0.579239 0.096875 0.254765
9 0.144792 0.593116 0.129167 0.282519
0 0.209375 0.692744 0.064583 0.083261
8 0.257812 0.667481 0.096875 0.133787
8 0.273958 0.667481 0.129167 0.133787
8 0.290104 0.627630 0.161458 0.213490
8 0.322396 0.570699 0.161458 0.306003
9 0.580729 0.369307 0.096875 0.146597
2 0.645312 0.395637 0.096875 0.142327
8 0.677604 0.386386 0.096875 0.160829
1 0.726042 0.337639 0.064583 0.063335
0 0.758333 0.295653 0.064583 0.147308
7 0.919792 0.098886 0.064583 0.166522
