0 0.080208 0.094891 0.064583 0.117828
9 0.225521 0.170408 0.096875 0.249581
9 0.241667 0.200936 0.129167 0.310637
9 0.257812 0.218610 0.161458 0.345986
1 0.370833 0.376607 0.064583 0.134966
9 0.419271 0.500861 0.096875 0.383476
9 0.435417 0.521749 0.129167 0.425252
0 0.500000 0.671712 0.064583 0.125326
8 0.548438 0.633686 0.096875 0.201379
8 0.564583 0.633686 0.129167 0.201379
8 0.580729 0.573701 0.161458 0.321349
8 0.613021 0.488008 0.161458 0.460600
9 0.871354 0.184869 0.096875 0.220660
2 0.935937 0.224502 0.096875 0.214232
