9 0.064062 0.361348 0.096875 0.179085
9 0.080208 0.374598 0.129167 0.205587
1 0.177083 0.466149 0.064583 0.101187
9 0.225521 0.559305 0.096875 0.287500
9 0.241667 0.574965 0.129167 0.318820
0 0.306250 0.687395 0.064583 0.093960
8 0.354687 0.658886 0.096875 0.150978
8 0.370833 0.658886 0.129167 0.150978
8 0.386979 0.613914 0.161458 0.240922
8 0.419271 0.549668 0.161458 0.345321
9 0.677604 0.322399 0.096875 0.165433
2 0.742188 0.352112 0.096875 0.160615
8 0.774479 0.341672 0.096875 0.181494
1 0.822917 0.286662 0.064583 0.071473
0 0.855208 0.239281 0.064583 0.166236
