2 0.096354 0.173826 0.096875 0.316401
1 0.241667 0.180909 0.064583 0.168117
9 0.290104 0.191771 0.096875 0.189840
9 0.306250 0.254106 0.129167 0.314512
8 0.419271 0.341471 0.096875 0.192674
8 0.435417 0.337221 0.129167 0.201174
8 0.451562 0.325415 0.161458 0.224786
9 0.580729 0.239467 0.096875 0.213453
8 0.677604 0.331082 0.096875 0.085003
3 0.709896 0.334859 0.096875 0.092559
9 0.839063 0.462364 0.096875 0.213453
9 0.855208 0.477948 0.129167 0.244621
9 0.871354 0.538867 0.161458 0.366458
9 0.903646 0.569091 0.161458 0.330568
