2 0.160938 0.338475 0.096875 0.379594
8 0.193229 0.286950 0.096875 0.482645
9 0.290104 0.232815 0.096875 0.434381
9 0.306250 0.301951 0.129167 0.572652
2 0.386979 0.369782 0.096875 0.436990
1 0.532292 0.379566 0.064583 0.232191
9 0.580729 0.394567 0.096875 0.262194
9 0.596875 0.480660 0.129167 0.434381
6 0.661458 0.593495 0.064583 0.219147
8 0.709896 0.601321 0.096875 0.266107
8 0.726042 0.595451 0.129167 0.277847
8 0.742188 0.579146 0.161458 0.310458
9 0.871354 0.460441 0.096875 0.294805
6 0.952083 0.588277 0.064583 0.114791
