9 0.096354 0.189062 0.096875 0.346875
9 0.112500 0.244271 0.129167 0.457292
2 0.193229 0.298437 0.096875 0.348958
1 0.338542 0.306250 0.064583 0.185417
9 0.386979 0.318229 0.096875 0.209375
9 0.403125 0.386979 0.129167 0.346875
6 0.467708 0.477083 0.064583 0.175000
8 0.516146 0.483333 0.096875 0.212500
8 0.532292 0.478646 0.129167 0.221875
8 0.548438 0.465625 0.161458 0.247917
9 0.677604 0.370833 0.096875 0.235417
8 0.774479 0.471875 0.096875 0.093750
3 0.806771 0.476042 0.096875 0.102083
9 0.935937 0.616667 0.096875 0.235417
