0 0.047917 0.590731 0.064583 0.287288
8 0.096354 0.546737 0.096875 0.375277
2 0.257812 0.278000 0.096875 0.308490
8 0.290104 0.236126 0.096875 0.392238
9 0.386979 0.192132 0.096875 0.353014
9 0.403125 0.248318 0.129167 0.465385
2 0.483854 0.303443 0.096875 0.355135
1 0.629167 0.311394 0.064583 0.188698
9 0.677604 0.323585 0.096875 0.213081
9 0.693750 0.393552 0.129167 0.353014
6 0.758333 0.485251 0.064583 0.178097
8 0.806771 0.491611 0.096875 0.216261
8 0.822917 0.486841 0.129167 0.225802
8 0.839063 0.473590 0.161458 0.252305
