9 0.096354 0.395419 0.096875 0.210473
8 0.193229 0.503797 0.096875 0.110577
8 0.209375 0.479608 0.129167 0.158954
8 0.225521 0.479608 0.161458 0.158954
8 0.257812 0.477409 0.161458 0.154556
6 0.370833 0.532698 0.064583 0.129425
8 0.451562 0.565682 0.096875 0.155185
9 0.548438 0.607149 0.096875 0.254453
8 0.645312 0.459818 0.096875 0.464926
8 0.661458 0.353953 0.129167 0.676655
8 0.677604 0.353953 0.161458 0.676655
7 0.758333 0.160757 0.064583 0.116860
9 0.903646 0.268821 0.096875 0.188483
2 0.935937 0.274475 0.096875 0.177174
