9 0.096354 0.246820 0.096875 0.127393
9 0.112500 0.279848 0.129167 0.193449
2 0.193229 0.233059 0.096875 0.316911
3 0.257812 0.198065 0.096875 0.364880
9 0.290104 0.194526 0.096875 0.357802
9 0.306250 0.221656 0.129167 0.412062
9 0.322396 0.221656 0.161458 0.412062
0 0.467708 0.264907 0.064583 0.086502
9 0.613021 0.320347 0.096875 0.183226
9 0.629167 0.342758 0.129167 0.228050
9 0.645312 0.355734 0.161458 0.254000
1 0.758333 0.471725 0.064583 0.099084
9 0.806771 0.562944 0.096875 0.281523
9 0.822917 0.578279 0.129167 0.312192
0 0.887500 0.688372 0.064583 0.092006
8 0.935937 0.660455 0.096875 0.147839
