2 0.064062 0.238956 0.096875 0.185585
8 0.096354 0.244068 0.096875 0.175362
3 0.128646 0.211826 0.096875 0.110879
9 0.193229 0.246820 0.096875 0.127393
9 0.209375 0.279848 0.129167 0.193449
2 0.290104 0.233059 0.096875 0.316911
3 0.354687 0.198065 0.096875 0.364880
9 0.386979 0.194526 0.096875 0.357802
9 0.403125 0.221656 0.129167 0.412062
9 0.419271 0.221656 0.161458 0.412062
0 0.564583 0.264907 0.064583 0.086502
9 0.709896 0.320347 0.096875 0.183226
9 0.726042 0.342758 0.129167 0.228050
9 0.742188 0.355734 0.161458 0.254000
1 0.855208 0.471725 0.064583 0.099084
9 0.903646 0.562944 0.096875 0.281523
9 0.919792 0.578279 0.129167 0.312192
