0 0.047917 0.691753 0.064583 0.021405
6 0.080208 0.689500 0.064583 0.025911
3 0.096354 0.693255 0.096875 0.033421
6 0.144792 0.698700 0.064583 0.022531
9 0.128646 0.693255 0.096875 0.033421
0 0.177083 0.713721 0.064583 0.041307
6 0.273958 0.654013 0.064583 0.056328
6 0.306250 0.656266 0.064583 0.051822
6 0.338542 0.669785 0.064583 0.026287
6 0.370833 0.673540 0.064583 0.024784
8 0.386979 0.677296 0.096875 0.045814
6 0.467708 0.666218 0.064583 0.031168
6 0.500000 0.667720 0.064583 0.028164
8 0.516146 0.569521 0.096875 0.224562
8 0.709896 0.191745 0.096875 0.352240
5 0.903646 0.196064 0.032292 0.098762
