9 0.096354 0.233797 0.096875 0.436344
2 0.160938 0.336792 0.096875 0.261364
8 0.193229 0.343991 0.096875 0.246967
3 0.225521 0.298584 0.096875 0.156154
9 0.290104 0.347867 0.096875 0.179411
9 0.306250 0.394381 0.129167 0.272438
2 0.386979 0.328486 0.096875 0.446312
3 0.451562 0.279203 0.096875 0.513868
9 0.483854 0.274220 0.096875 0.503901
4 0.548438 0.544443 0.032292 0.116285
9 0.500000 0.312428 0.129167 0.580316
9 0.516146 0.312428 0.161458 0.580316
0 0.661458 0.373339 0.064583 0.121822
9 0.806771 0.451416 0.096875 0.258042
9 0.822917 0.482978 0.129167 0.321167
9 0.839063 0.501252 0.161458 0.357714
1 0.952083 0.664604 0.064583 0.139542
