6 0.209375 0.650222 0.064583 0.033109
6 0.273958 0.655280 0.064583 0.048744
0 0.338542 0.678043 0.064583 0.026212
6 0.370833 0.675284 0.064583 0.031730
3 0.386979 0.679882 0.096875 0.040927
6 0.435417 0.686550 0.064583 0.027591
9 0.419271 0.679882 0.096875 0.040927
0 0.467708 0.704944 0.064583 0.050584
6 0.564583 0.631828 0.064583 0.068978
6 0.596875 0.634587 0.064583 0.063460
6 0.629167 0.651142 0.064583 0.032190
6 0.661458 0.655740 0.064583 0.030350
8 0.677604 0.660339 0.096875 0.056102
6 0.790625 0.648612 0.064583 0.034489
8 0.806771 0.528361 0.096875 0.274992
