9 0.128646 0.208789 0.096875 0.232596
9 0.144792 0.237239 0.129167 0.289497
9 0.160938 0.253711 0.161458 0.322439
1 0.273958 0.400955 0.064583 0.125781
9 0.322396 0.516753 0.096875 0.357379
9 0.338542 0.536220 0.129167 0.396311
0 0.403125 0.675977 0.064583 0.116797
8 0.451562 0.640538 0.096875 0.187674
8 0.467708 0.640538 0.129167 0.187674
8 0.483854 0.584635 0.161458 0.299479
8 0.516146 0.504774 0.161458 0.429254
9 0.774479 0.222265 0.096875 0.205643
2 0.839063 0.259201 0.096875 0.199653
5 0.903646 0.170356 0.032292 0.073871
8 0.871354 0.246224 0.096875 0.225608
1 0.919792 0.177843 0.064583 0.088845
0 0.952083 0.118945 0.064583 0.206641
