6 0.112500 0.669034 0.064583 0.027038
6 0.177083 0.673165 0.064583 0.039805
0 0.241667 0.691753 0.064583 0.021405
6 0.273958 0.689500 0.064583 0.025911
3 0.290104 0.693255 0.096875 0.033421
6 0.338542 0.698700 0.064583 0.022531
9 0.322396 0.693255 0.096875 0.033421
0 0.370833 0.713721 0.064583 0.041307
6 0.467708 0.654013 0.064583 0.056328
6 0.500000 0.656266 0.064583 0.051822
6 0.532292 0.669785 0.064583 0.026287
6 0.564583 0.673540 0.064583 0.024784
8 0.580729 0.677296 0.096875 0.045814
6 0.661458 0.666218 0.064583 0.031168
6 0.693750 0.667720 0.064583 0.028164
8 0.709896 0.569521 0.096875 0.224562
8 0.903646 0.191745 0.096875 0.352240
