2 0.064062 0.338475 0.096875 0.379594
8 0.096354 0.286950 0.096875 0.482645
9 0.193229 0.232815 0.096875 0.434381
9 0.209375 0.301951 0.129167 0.572652
2 0.290104 0.369782 0.096875 0.436990
1 0.435417 0.379566 0.064583 0.232191
9 0.483854 0.394567 0.096875 0.262194
9 0.500000 0.480660 0.129167 0.434381
6 0.564583 0.593495 0.064583 0.219147
8 0.613021 0.601321 0.096875 0.266107
8 0.629167 0.595451 0.129167 0.277847
8 0.645312 0.579146 0.161458 0.310458
9 0.774479 0.460441 0.096875 0.294805
6 0.855208 0.588277 0.064583 0.114791
6 0.887500 0.586972 0.064583 0.117400
8 0.871354 0.586972 0.096875 0.117400
3 0.903646 0.592190 0.096875 0.127836
6 0.952083 0.619584 0.064583 0.073049
