9 0.064062 0.516364 0.096875 0.169926
6 0.112500 0.571680 0.064583 0.059293
9 0.080208 0.516364 0.129167 0.169926
9 0.096354 0.559749 0.161458 0.256696
6 0.306250 0.602050 0.064583 0.052062
6 0.370833 0.610004 0.064583 0.076647
0 0.435417 0.645797 0.064583 0.041216
6 0.467708 0.641458 0.064583 0.049893
3 0.483854 0.648689 0.096875 0.064355
6 0.532292 0.659174 0.064583 0.043385
9 0.516146 0.648689 0.096875 0.064355
0 0.564583 0.688097 0.064583 0.079540
6 0.661458 0.573126 0.064583 0.108463
6 0.758333 0.610727 0.064583 0.047724
8 0.774479 0.617958 0.096875 0.088217
6 0.887500 0.599519 0.064583 0.054232
8 0.903646 0.410431 0.096875 0.432407
