6 0.080208 0.578565 0.064583 0.201636
0 0.144792 0.662982 0.064583 0.088758
2 0.128646 0.662982 0.096875 0.088758
6 0.209375 0.618121 0.064583 0.089723
0 0.241667 0.539010 0.064583 0.261451
8 0.290104 0.498972 0.096875 0.341527
2 0.451562 0.254404 0.096875 0.280747
8 0.483854 0.216296 0.096875 0.356963
9 0.580729 0.176258 0.096875 0.321267
9 0.596875 0.227391 0.129167 0.423532
2 0.677604 0.277559 0.096875 0.323196
1 0.822917 0.284794 0.064583 0.171728
9 0.871354 0.295889 0.096875 0.193918
9 0.887500 0.359564 0.129167 0.321267
