0 0.144792 0.236641 0.064583 0.131172
9 0.225521 0.317500 0.096875 0.260547
9 0.241667 0.328955 0.129167 0.283457
9 0.257812 0.344902 0.161458 0.315352
9 0.290104 0.410039 0.161458 0.289297
0 0.370833 0.507744 0.064583 0.114551
2 0.451562 0.499209 0.096875 0.160371
8 0.613021 0.501680 0.096875 0.080859
1 0.661458 0.491123 0.064583 0.064238
9 0.709896 0.541211 0.096875 0.164414
9 0.726042 0.587031 0.129167 0.256055
9 0.742188 0.587031 0.161458 0.256055
9 0.774479 0.612861 0.161458 0.204395
9 0.806771 0.647451 0.161458 0.173848
6 0.952083 0.659805 0.064583 0.095234
