0 0.112500 0.297179 0.064583 0.150395
0 0.306250 0.242092 0.064583 0.080444
9 0.419271 0.282533 0.096875 0.220784
9 0.435417 0.282533 0.129167 0.220784
9 0.451562 0.282533 0.161458 0.220784
9 0.483854 0.303300 0.161458 0.179250
9 0.516146 0.344615 0.161458 0.190180
0 0.596875 0.375000 0.064583 0.129410
3 0.645312 0.357731 0.096875 0.094871
9 0.709896 0.441454 0.096875 0.241332
9 0.726042 0.456100 0.129167 0.270624
3 0.839063 0.535888 0.096875 0.087439
9 0.871354 0.593161 0.096875 0.180999
9 0.887500 0.607370 0.129167 0.209417
9 0.903646 0.618518 0.161458 0.231714
