5 0.096354 0.221336 0.032292 0.154903
9 0.064062 0.157206 0.096875 0.283163
9 0.080208 0.179203 0.129167 0.327155
9 0.096354 0.215140 0.161458 0.399030
0 0.177083 0.349906 0.064583 0.158001
2 0.257812 0.338133 0.096875 0.221202
8 0.419271 0.341541 0.096875 0.111530
1 0.467708 0.326980 0.064583 0.088605
9 0.516146 0.396067 0.096875 0.226778
9 0.532292 0.459267 0.129167 0.353179
9 0.548438 0.459267 0.161458 0.353179
9 0.580729 0.494895 0.161458 0.281924
9 0.613021 0.542605 0.161458 0.239790
9 0.806771 0.620986 0.096875 0.083028
9 0.822917 0.633688 0.129167 0.108432
9 0.839063 0.654445 0.161458 0.149946
6 0.919792 0.688834 0.064583 0.091083
