1 0.112500 0.447013 0.064583 0.222042
2 0.160938 0.401774 0.096875 0.367915
8 0.225521 0.276443 0.096875 0.521636
0 0.338542 0.242744 0.064583 0.134794
9 0.419271 0.325837 0.096875 0.267742
9 0.435417 0.337608 0.129167 0.291285
9 0.451562 0.353996 0.161458 0.324061
9 0.483854 0.420932 0.161458 0.297286
0 0.564583 0.521335 0.064583 0.117714
2 0.645312 0.512564 0.096875 0.164800
8 0.806771 0.515103 0.096875 0.083092
1 0.855208 0.504255 0.064583 0.066012
9 0.903646 0.555726 0.096875 0.168955
9 0.919792 0.602812 0.129167 0.263126
