9 0.064062 0.621435 0.096875 0.225880
0 0.112500 0.674037 0.064583 0.120676
2 0.096354 0.658345 0.096875 0.152060
2 0.193229 0.625855 0.096875 0.087965
8 0.225521 0.604859 0.096875 0.129959
1 0.500000 0.428707 0.064583 0.212619
2 0.548438 0.385388 0.096875 0.352302
8 0.613021 0.265375 0.096875 0.499500
0 0.726042 0.233107 0.064583 0.129074
9 0.806771 0.312673 0.096875 0.256381
9 0.822917 0.323945 0.129167 0.278924
9 0.839063 0.339637 0.161458 0.310309
9 0.871354 0.403732 0.161458 0.284671
0 0.952083 0.499875 0.064583 0.112719
