5 0.031771 0.087778 0.032292 0.144305
0 0.047917 0.096658 0.064583 0.162066
9 0.128646 0.196561 0.096875 0.321911
9 0.144792 0.210714 0.129167 0.350217
9 0.160938 0.230418 0.161458 0.389624
9 0.193229 0.310895 0.161458 0.357432
0 0.273958 0.431612 0.064583 0.141530
2 0.354687 0.421067 0.096875 0.198142
8 0.516146 0.424119 0.096875 0.099903
1 0.564583 0.411076 0.064583 0.079368
9 0.613021 0.472961 0.096875 0.203137
9 0.629167 0.529573 0.129167 0.316361
9 0.645312 0.529573 0.161458 0.316361
9 0.677604 0.561486 0.161458 0.252534
9 0.709896 0.604223 0.161458 0.214793
9 0.903646 0.674433 0.096875 0.074373
9 0.919792 0.685811 0.129167 0.097128
