9 0.064062 0.465972 0.096875 0.315972
9 0.080208 0.465972 0.129167 0.315972
9 0.096354 0.465972 0.161458 0.315972
9 0.128646 0.519444 0.161458 0.268750
9 0.322396 0.607292 0.096875 0.093056
9 0.338542 0.621528 0.129167 0.121528
9 0.354687 0.644792 0.161458 0.168056
6 0.435417 0.683333 0.064583 0.102083
8 0.483854 0.500000 0.096875 0.468750
0 0.564583 0.296875 0.064583 0.233333
2 0.645312 0.309375 0.096875 0.220833
8 0.709896 0.321528 0.096875 0.196528
8 0.726042 0.243403 0.129167 0.352778
7 0.790625 0.180903 0.064583 0.227778
5 0.839063 0.202778 0.032292 0.103472
9 0.839063 0.215625 0.096875 0.284722
0 0.887500 0.282292 0.064583 0.151389
2 0.871354 0.254514 0.096875 0.206945
0 0.952083 0.175694 0.064583 0.320139
