9 0.128646 0.632096 0.096875 0.074893
9 0.144792 0.643553 0.129167 0.097808
9 0.160938 0.662276 0.161458 0.135255
6 0.241667 0.693296 0.064583 0.082159
8 0.290104 0.545745 0.096875 0.377260
0 0.370833 0.382266 0.064583 0.187792
2 0.451562 0.392326 0.096875 0.177731
8 0.516146 0.402107 0.096875 0.158170
8 0.532292 0.339230 0.129167 0.283923
9 0.645312 0.316874 0.096875 0.229150
0 0.693750 0.370529 0.064583 0.121841
2 0.677604 0.348173 0.096875 0.166553
0 0.758333 0.284737 0.064583 0.257655
9 0.935937 0.170162 0.096875 0.309074
