8 0.128646 0.260195 0.096875 0.134625
1 0.177083 0.242618 0.064583 0.106952
9 0.225521 0.326011 0.096875 0.273738
9 0.241667 0.402299 0.129167 0.426314
9 0.257812 0.402299 0.161458 0.426314
9 0.290104 0.445304 0.161458 0.340303
9 0.322396 0.502894 0.161458 0.289445
9 0.516146 0.597506 0.096875 0.100221
9 0.532292 0.612838 0.129167 0.130886
9 0.548438 0.637894 0.161458 0.180996
6 0.629167 0.679403 0.064583 0.109944
8 0.677604 0.481952 0.096875 0.504845
0 0.758333 0.263186 0.064583 0.251301
5 0.774479 0.238505 0.032292 0.201938
2 0.839063 0.276649 0.096875 0.237838
8 0.903646 0.289737 0.096875 0.211661
8 0.919792 0.205596 0.129167 0.379943
