2 0.064062 0.391396 0.096875 0.358027
8 0.128646 0.269434 0.096875 0.507617
0 0.241667 0.236641 0.064583 0.131172
9 0.322396 0.317500 0.096875 0.260547
9 0.338542 0.328955 0.129167 0.283457
9 0.354687 0.344902 0.161458 0.315352
9 0.386979 0.410039 0.161458 0.289297
0 0.467708 0.507744 0.064583 0.114551
2 0.548438 0.499209 0.096875 0.160371
8 0.709896 0.501680 0.096875 0.080859
1 0.758333 0.491123 0.064583 0.064238
9 0.806771 0.541211 0.096875 0.164414
9 0.822917 0.587031 0.129167 0.256055
9 0.839063 0.587031 0.161458 0.256055
9 0.871354 0.612861 0.161458 0.204395
9 0.903646 0.647451 0.161458 0.173848
