0 0.209375 0.123229 0.064583 0.096112
9 0.322396 0.171546 0.096875 0.263785
9 0.338542 0.171546 0.129167 0.263785
9 0.354687 0.171546 0.161458 0.263785
9 0.386979 0.196357 0.161458 0.214163
9 0.419271 0.245719 0.161458 0.227221
0 0.500000 0.282022 0.064583 0.154615
3 0.548438 0.261390 0.096875 0.113349
9 0.613021 0.361419 0.096875 0.288336
9 0.629167 0.378918 0.129167 0.323333
3 0.742188 0.474246 0.096875 0.104469
9 0.774479 0.542673 0.096875 0.216252
9 0.790625 0.559650 0.129167 0.250204
9 0.806771 0.572970 0.161458 0.276844
0 0.887500 0.688670 0.064583 0.091411
