9 0.128646 0.171546 0.096875 0.263785
9 0.144792 0.171546 0.129167 0.263785
9 0.160938 0.171546 0.161458 0.263785
9 0.193229 0.196357 0.161458 0.214163
9 0.225521 0.245719 0.161458 0.227221
0 0.306250 0.282022 0.064583 0.154615
3 0.354687 0.261390 0.096875 0.113349
9 0.419271 0.361419 0.096875 0.288336
9 0.435417 0.378918 0.129167 0.323333
3 0.548438 0.474246 0.096875 0.104469
9 0.580729 0.542673 0.096875 0.216252
9 0.596875 0.559650 0.129167 0.250204
9 0.613021 0.572970 0.161458 0.276844
0 0.693750 0.688670 0.064583 0.091411
0 0.790625 0.587334 0.064583 0.148869
8 0.839063 0.575320 0.096875 0.172897
