9 0.064062 0.134932 0.096875 0.238613
9 0.080208 0.134932 0.129167 0.238613
9 0.096354 0.134932 0.161458 0.238613
9 0.128646 0.189929 0.161458 0.253163
0 0.209375 0.230377 0.064583 0.172267
3 0.257812 0.207389 0.096875 0.126290
7 0.273958 0.188183 0.064583 0.066928
9 0.322396 0.318839 0.096875 0.321255
9 0.338542 0.338335 0.129167 0.360248
3 0.451562 0.444547 0.096875 0.116397
9 0.483854 0.520787 0.096875 0.240941
9 0.500000 0.539701 0.129167 0.278770
9 0.516146 0.554542 0.161458 0.308451
0 0.596875 0.683451 0.064583 0.101847
0 0.693750 0.570547 0.064583 0.165865
8 0.742188 0.557161 0.096875 0.192637
8 0.935937 0.481212 0.096875 0.153644
