9 0.064062 0.129256 0.096875 0.227262
0 0.112500 0.141577 0.064583 0.202619
3 0.160938 0.114539 0.096875 0.148542
7 0.177083 0.091949 0.064583 0.078720
9 0.225521 0.245625 0.096875 0.377857
9 0.241667 0.268556 0.129167 0.423720
3 0.354687 0.393482 0.096875 0.136905
9 0.386979 0.483155 0.096875 0.283393
9 0.403125 0.505402 0.129167 0.327887
9 0.419271 0.522857 0.161458 0.362798
0 0.500000 0.674479 0.064583 0.119792
0 0.596875 0.541681 0.064583 0.195089
8 0.645312 0.525937 0.096875 0.226577
8 0.839063 0.436607 0.096875 0.180714
1 0.887500 0.402381 0.064583 0.134167
9 0.935937 0.456801 0.096875 0.243006
