3 0.064062 0.092533 0.096875 0.153815
7 0.080208 0.069141 0.064583 0.081515
9 0.128646 0.228273 0.096875 0.391272
9 0.144792 0.252018 0.129167 0.438764
3 0.257812 0.381379 0.096875 0.141765
9 0.290104 0.474236 0.096875 0.293454
9 0.306250 0.497272 0.129167 0.339528
9 0.322396 0.515348 0.161458 0.375678
0 0.403125 0.672353 0.064583 0.124045
0 0.500000 0.534840 0.064583 0.202016
8 0.548438 0.518537 0.096875 0.234622
8 0.742188 0.426035 0.096875 0.187130
1 0.790625 0.390594 0.064583 0.138930
9 0.839063 0.446946 0.096875 0.251633
