1 0.209375 0.473791 0.064583 0.235825
2 0.257812 0.425744 0.096875 0.390753
8 0.322396 0.292633 0.096875 0.554016
0 0.435417 0.256843 0.064583 0.143162
9 0.516146 0.345093 0.096875 0.284362
9 0.532292 0.357595 0.129167 0.309366
9 0.548438 0.375000 0.161458 0.344176
9 0.580729 0.446091 0.161458 0.315740
0 0.661458 0.552726 0.064583 0.125021
2 0.742188 0.543411 0.096875 0.175030
6 0.855208 0.544882 0.064583 0.085799
6 0.887500 0.546108 0.064583 0.088250
8 0.903646 0.546108 0.096875 0.088250
1 0.952083 0.534586 0.064583 0.070110
