9 0.064062 0.616013 0.096875 0.104067
9 0.225521 0.629736 0.096875 0.076621
9 0.241667 0.641458 0.129167 0.100065
9 0.257812 0.660613 0.161458 0.138375
6 0.338542 0.692348 0.064583 0.084054
8 0.386979 0.541393 0.096875 0.385964
0 0.467708 0.374142 0.064583 0.192124
2 0.548438 0.384435 0.096875 0.181832
8 0.613021 0.394441 0.096875 0.161819
8 0.629167 0.330114 0.129167 0.290473
7 0.693750 0.278652 0.064583 0.187550
9 0.742188 0.307242 0.096875 0.234437
0 0.790625 0.362135 0.064583 0.124652
2 0.774479 0.339263 0.096875 0.170396
0 0.855208 0.274364 0.064583 0.263599
