1 0.080208 0.242618 0.064583 0.106952
9 0.128646 0.326011 0.096875 0.273738
9 0.144792 0.402299 0.129167 0.426314
9 0.160938 0.402299 0.161458 0.426314
9 0.193229 0.445304 0.161458 0.340303
9 0.225521 0.502894 0.161458 0.289445
9 0.419271 0.597506 0.096875 0.100221
9 0.435417 0.612838 0.129167 0.130886
9 0.451562 0.637894 0.161458 0.180996
6 0.532292 0.679403 0.064583 0.109944
8 0.580729 0.481952 0.096875 0.504845
0 0.661458 0.263186 0.064583 0.251301
5 0.677604 0.238505 0.032292 0.201938
2 0.742188 0.276649 0.096875 0.237838
8 0.806771 0.289737 0.096875 0.211661
8 0.822917 0.205596 0.129167 0.379943
7 0.887500 0.138284 0.064583 0.245317
5 0.935937 0.161843 0.032292 0.111440
9 0.935937 0.175680 0.096875 0.306647
