9 0.064062 0.643553 0.096875 0.097808
9 0.080208 0.662276 0.129167 0.135255
6 0.144792 0.693296 0.064583 0.082159
8 0.193229 0.545745 0.096875 0.377260
0 0.273958 0.382266 0.064583 0.187792
2 0.354687 0.392326 0.096875 0.177731
8 0.419271 0.402107 0.096875 0.158170
8 0.435417 0.339230 0.129167 0.283923
9 0.548438 0.316874 0.096875 0.229150
0 0.596875 0.370529 0.064583 0.121841
2 0.580729 0.348173 0.096875 0.166553
0 0.661458 0.284737 0.064583 0.257655
9 0.839063 0.170162 0.096875 0.309074
9 0.855208 0.188606 0.129167 0.345961
