0 0.112500 0.123229 0.064583 0.096112
9 0.225521 0.171546 0.096875 0.263785
9 0.241667 0.171546 0.129167 0.263785
9 0.257812 0.171546 0.161458 0.263785
9 0.290104 0.196357 0.161458 0.214163
9 0.322396 0.245719 0.161458 0.227221
0 0.403125 0.282022 0.064583 0.154615
3 0.451562 0.261390 0.096875 0.113349
9 0.516146 0.361419 0.096875 0.288336
9 0.532292 0.378918 0.129167 0.323333
3 0.645312 0.474246 0.096875 0.104469
9 0.677604 0.542673 0.096875 0.216252
9 0.693750 0.559650 0.129167 0.250204
9 0.709896 0.572970 0.161458 0.276844
0 0.790625 0.688670 0.064583 0.091411
0 0.887500 0.587334 0.064583 0.148869
8 0.935937 0.575320 0.096875 0.172897
