2 0.064062 0.172467 0.096875 0.313684
8 0.225521 0.177300 0.096875 0.158160
1 0.273958 0.156651 0.064583 0.125649
9 0.322396 0.254623 0.096875 0.321592
9 0.338542 0.344247 0.129167 0.500841
9 0.354687 0.344247 0.161458 0.500841
9 0.386979 0.394770 0.161458 0.399794
9 0.419271 0.462427 0.161458 0.340044
9 0.613021 0.573579 0.096875 0.117741
9 0.629167 0.591592 0.129167 0.153767
9 0.645312 0.621027 0.161458 0.212637
6 0.726042 0.669793 0.064583 0.129164
8 0.774479 0.437825 0.096875 0.593101
0 0.855208 0.180814 0.064583 0.295232
5 0.871354 0.151818 0.032292 0.237240
2 0.935937 0.196630 0.096875 0.279416
