9 0.193229 0.291097 0.096875 0.286913
9 0.209375 0.404249 0.129167 0.513217
6 0.306250 0.656838 0.064583 0.148151
4 0.419271 0.666710 0.032292 0.086514
6 0.403125 0.637094 0.064583 0.145745
8 0.386979 0.649298 0.096875 0.170153
8 0.403125 0.589158 0.129167 0.290434
6 0.500000 0.629995 0.064583 0.126617
8 0.613021 0.540606 0.096875 0.252003
8 0.629167 0.498038 0.129167 0.337138
0 0.822917 0.583115 0.064583 0.213806
3 0.871354 0.583115 0.096875 0.213806
6 0.919792 0.628029 0.064583 0.095286
2 0.935937 0.589217 0.096875 0.172911
