7 0.144792 0.120390 0.064583 0.053180
5 0.257812 0.176164 0.032292 0.064853
2 0.257812 0.155850 0.096875 0.108048
8 0.290104 0.144480 0.096875 0.128220
8 0.306250 0.112108 0.129167 0.192966
7 0.403125 0.113993 0.064583 0.075649
9 0.419271 0.133280 0.096875 0.114223
9 0.435417 0.153168 0.129167 0.153999
9 0.451562 0.219744 0.161458 0.287151
9 0.483854 0.253684 0.161458 0.355031
8 0.613021 0.442907 0.096875 0.139043
8 0.629167 0.431983 0.129167 0.160890
1 0.822917 0.486291 0.064583 0.079540
9 0.935937 0.604554 0.096875 0.259643
