2 0.064062 0.270781 0.096875 0.133688
0 0.144792 0.254394 0.064583 0.223388
8 0.193229 0.190856 0.096875 0.350463
1 0.241667 0.082181 0.064583 0.133113
7 0.306250 0.170300 0.064583 0.084525
9 0.386979 0.311606 0.096875 0.166463
9 0.516146 0.445006 0.096875 0.176238
9 0.532292 0.466856 0.129167 0.219938
9 0.548438 0.529819 0.161458 0.345863
8 0.677604 0.555263 0.096875 0.358225
9 0.839063 0.488850 0.096875 0.144325
9 0.855208 0.501644 0.129167 0.169912
9 0.871354 0.508975 0.161458 0.184575
9 0.903646 0.597238 0.161458 0.239775
