6 0.080208 0.597753 0.064583 0.096739
9 0.128646 0.638061 0.096875 0.177354
3 0.225521 0.677520 0.096875 0.113710
6 0.241667 0.663518 0.064583 0.085707
9 0.257812 0.677096 0.096875 0.112862
0 0.306250 0.593934 0.064583 0.279184
1 0.370833 0.313902 0.064583 0.282578
2 0.419271 0.288445 0.096875 0.425140
5 0.548438 0.128911 0.032292 0.226572
9 0.677604 0.329601 0.096875 0.207054
9 0.693750 0.338087 0.129167 0.224026
9 0.709896 0.383910 0.161458 0.315673
9 0.742188 0.424642 0.161458 0.320764
0 0.822917 0.537504 0.064583 0.123893
2 0.903646 0.497196 0.096875 0.179051
6 0.919792 0.481922 0.064583 0.148502
