3 0.128646 0.677520 0.096875 0.113710
6 0.144792 0.663518 0.064583 0.085707
9 0.160938 0.677096 0.096875 0.112862
0 0.209375 0.593934 0.064583 0.279184
1 0.273958 0.313902 0.064583 0.282578
2 0.322396 0.288445 0.096875 0.425140
5 0.451562 0.128911 0.032292 0.226572
9 0.580729 0.329601 0.096875 0.207054
9 0.596875 0.338087 0.129167 0.224026
9 0.613021 0.383910 0.161458 0.315673
9 0.645312 0.424642 0.161458 0.320764
0 0.726042 0.537504 0.064583 0.123893
2 0.806771 0.497196 0.096875 0.179051
6 0.822917 0.481922 0.064583 0.148502
8 0.935937 0.402155 0.096875 0.158685
