7 0.080208 0.258241 0.064583 0.227453
9 0.064062 0.193796 0.096875 0.356342
3 0.160938 0.281744 0.096875 0.162249
9 0.193229 0.343157 0.096875 0.285074
9 0.209375 0.359078 0.129167 0.316917
8 0.322396 0.430726 0.096875 0.241858
3 0.483854 0.513367 0.096875 0.349519
8 0.580729 0.573642 0.096875 0.321466
9 0.677604 0.452713 0.096875 0.188786
9 0.693750 0.476216 0.129167 0.235792
6 0.855208 0.636570 0.064583 0.119792
9 0.839063 0.632021 0.096875 0.128890
6 0.887500 0.636570 0.064583 0.119792
9 0.855208 0.632021 0.129167 0.128890
6 0.952083 0.648701 0.064583 0.086432
