6 0.047917 0.664284 0.064583 0.085808
9 0.064062 0.677878 0.096875 0.112995
0 0.112500 0.594618 0.064583 0.279514
1 0.177083 0.314255 0.064583 0.282912
2 0.225521 0.288767 0.096875 0.425643
5 0.354687 0.129045 0.032292 0.226840
9 0.483854 0.329972 0.096875 0.207299
9 0.500000 0.338468 0.129167 0.224291
9 0.516146 0.384345 0.161458 0.316046
9 0.548438 0.425126 0.161458 0.321144
0 0.629167 0.538121 0.064583 0.124040
2 0.709896 0.497765 0.096875 0.179263
6 0.726042 0.482473 0.064583 0.148678
8 0.839063 0.402612 0.096875 0.158873
8 0.855208 0.398364 0.129167 0.167368
1 0.919792 0.339742 0.064583 0.107897
