5 0.160938 0.149638 0.032292 0.268026
9 0.290104 0.387046 0.096875 0.244937
9 0.306250 0.397085 0.129167 0.265014
9 0.322396 0.451292 0.161458 0.373429
9 0.354687 0.499476 0.161458 0.379452
0 0.435417 0.632987 0.064583 0.146561
2 0.516146 0.585305 0.096875 0.211810
6 0.532292 0.567236 0.064583 0.175672
8 0.645312 0.472875 0.096875 0.187718
8 0.661458 0.467855 0.129167 0.197757
1 0.726042 0.398590 0.064583 0.127488
9 0.774479 0.456813 0.096875 0.243933
9 0.790625 0.534611 0.129167 0.399529
9 0.806771 0.534611 0.161458 0.399529
6 0.919792 0.642022 0.064583 0.064246
