9 0.096354 0.522653 0.096875 0.296156
0 0.144792 0.649941 0.064583 0.155291
6 0.273958 0.597753 0.064583 0.096739
9 0.322396 0.638061 0.096875 0.177354
3 0.419271 0.677520 0.096875 0.113710
6 0.435417 0.663518 0.064583 0.085707
9 0.451562 0.677096 0.096875 0.112862
0 0.500000 0.593934 0.064583 0.279184
1 0.564583 0.313902 0.064583 0.282578
2 0.613021 0.288445 0.096875 0.425140
5 0.742188 0.128911 0.032292 0.226572
9 0.871354 0.329601 0.096875 0.207054
9 0.887500 0.338087 0.129167 0.224026
9 0.903646 0.383910 0.161458 0.315673
