9 0.064062 0.202755 0.096875 0.144600
9 0.080208 0.202755 0.129167 0.144600
7 0.144792 0.222319 0.064583 0.103772
8 0.193229 0.197652 0.096875 0.144601
9 0.386979 0.522152 0.096875 0.296857
0 0.435417 0.649741 0.064583 0.155658
6 0.564583 0.597430 0.064583 0.096967
9 0.613021 0.637833 0.096875 0.177774
3 0.709896 0.677385 0.096875 0.113979
6 0.726042 0.663351 0.064583 0.085910
9 0.742188 0.676960 0.096875 0.113129
0 0.790625 0.593602 0.064583 0.279845
1 0.855208 0.312907 0.064583 0.283247
2 0.903646 0.287389 0.096875 0.426146
