5 0.096354 0.164413 0.032292 0.050383
7 0.080208 0.167956 0.064583 0.070064
9 0.160938 0.242350 0.096875 0.133831
9 0.177083 0.242350 0.129167 0.133831
8 0.290104 0.237627 0.096875 0.133831
9 0.483854 0.537959 0.096875 0.274747
0 0.532292 0.656045 0.064583 0.144065
6 0.661458 0.607629 0.064583 0.089745
9 0.709896 0.645023 0.096875 0.164533
6 0.758333 0.682024 0.064583 0.104703
3 0.806771 0.681630 0.096875 0.105490
6 0.822917 0.668640 0.064583 0.079511
9 0.839063 0.681236 0.096875 0.104703
0 0.887500 0.604087 0.064583 0.259002
1 0.952083 0.344298 0.064583 0.262151
