5 0.064062 0.149638 0.032292 0.268026
9 0.193229 0.387046 0.096875 0.244937
9 0.209375 0.397085 0.129167 0.265014
9 0.225521 0.451292 0.161458 0.373429
9 0.257812 0.499476 0.161458 0.379452
0 0.338542 0.632987 0.064583 0.146561
2 0.419271 0.585305 0.096875 0.211810
6 0.435417 0.567236 0.064583 0.175672
8 0.548438 0.472875 0.096875 0.187718
8 0.564583 0.467855 0.129167 0.197757
1 0.629167 0.398590 0.064583 0.127488
9 0.677604 0.456813 0.096875 0.243933
9 0.693750 0.534611 0.129167 0.399529
9 0.709896 0.534611 0.161458 0.399529
6 0.822917 0.642022 0.064583 0.064246
