9 0.064062 0.363262 0.096875 0.395493
9 0.080208 0.409312 0.129167 0.487594
0 0.144792 0.551979 0.064583 0.263662
2 0.225521 0.466198 0.096875 0.381046
6 0.241667 0.433692 0.064583 0.316033
8 0.354687 0.263937 0.096875 0.337704
8 0.370833 0.254907 0.129167 0.355763
1 0.435417 0.130300 0.064583 0.229350
5 0.483854 0.149262 0.032292 0.144472
9 0.483854 0.235042 0.096875 0.438835
9 0.500000 0.375000 0.129167 0.718750
9 0.516146 0.375000 0.161458 0.718750
0 0.887500 0.649498 0.064583 0.144472
8 0.935937 0.474325 0.096875 0.494818
