5 0.031771 0.091049 0.032292 0.136651
7 0.047917 0.087500 0.064583 0.143750
3 0.064062 0.110571 0.096875 0.189892
9 0.096354 0.182446 0.096875 0.333642
9 0.112500 0.201080 0.129167 0.370911
8 0.225521 0.284934 0.096875 0.283063
7 0.306250 0.238349 0.064583 0.136651
7 0.338542 0.255208 0.064583 0.165046
3 0.386979 0.381655 0.096875 0.409066
8 0.483854 0.452199 0.096875 0.376235
9 0.580729 0.310667 0.096875 0.220949
9 0.596875 0.338175 0.129167 0.275964
6 0.758333 0.525849 0.064583 0.140201
9 0.742188 0.520525 0.096875 0.150849
6 0.790625 0.525849 0.064583 0.140201
9 0.758333 0.520525 0.129167 0.150849
6 0.855208 0.540046 0.064583 0.101157
8 0.871354 0.515201 0.096875 0.150849
6 0.919792 0.510764 0.064583 0.141975
