2 0.064062 0.545534 0.096875 0.109844
6 0.144792 0.512179 0.064583 0.105330
8 0.386979 0.619265 0.096875 0.230221
6 0.435417 0.542023 0.064583 0.080753
8 0.403125 0.618011 0.129167 0.232728
8 0.419271 0.600205 0.161458 0.268340
8 0.451562 0.472555 0.161458 0.296930
8 0.613021 0.378762 0.096875 0.124390
8 0.629167 0.378762 0.129167 0.124390
8 0.645312 0.308542 0.161458 0.264829
8 0.677604 0.304780 0.161458 0.257305
8 0.709896 0.279451 0.161458 0.295926
7 0.952083 0.125218 0.064583 0.145957
8 0.935937 0.125218 0.096875 0.145957
