4 0.096354 0.565401 0.032292 0.098249
8 0.064062 0.563833 0.096875 0.101385
1 0.112500 0.555123 0.064583 0.118805
9 0.160938 0.566620 0.096875 0.141799
9 0.177083 0.601983 0.129167 0.212524
9 0.193229 0.607906 0.161458 0.224370
9 0.225521 0.630726 0.161458 0.178729
6 0.403125 0.576724 0.064583 0.092326
0 0.564583 0.527948 0.064583 0.141102
2 0.548438 0.527948 0.096875 0.141102
8 0.613021 0.413324 0.096875 0.370350
8 0.629167 0.357580 0.129167 0.481838
9 0.742188 0.173799 0.096875 0.316347
9 0.758333 0.211078 0.129167 0.390905
1 0.887500 0.287377 0.064583 0.140754
3 0.871354 0.309849 0.096875 0.185697
