8 0.064062 0.651107 0.096875 0.165839
6 0.144792 0.619403 0.064583 0.101036
4 0.290104 0.565401 0.032292 0.098249
8 0.257812 0.563833 0.096875 0.101385
1 0.306250 0.555123 0.064583 0.118805
9 0.354687 0.566620 0.096875 0.141799
9 0.370833 0.601983 0.129167 0.212524
9 0.386979 0.607906 0.161458 0.224370
9 0.419271 0.630726 0.161458 0.178729
6 0.596875 0.576724 0.064583 0.092326
0 0.758333 0.527948 0.064583 0.141102
2 0.742188 0.527948 0.096875 0.141102
8 0.806771 0.413324 0.096875 0.370350
8 0.822917 0.357580 0.129167 0.481838
9 0.935937 0.173799 0.096875 0.316347
