8 0.193229 0.619265 0.096875 0.230221
6 0.241667 0.542023 0.064583 0.080753
8 0.209375 0.618011 0.129167 0.232728
8 0.225521 0.600205 0.161458 0.268340
8 0.257812 0.472555 0.161458 0.296930
8 0.419271 0.378762 0.096875 0.124390
8 0.435417 0.378762 0.129167 0.124390
8 0.451562 0.308542 0.161458 0.264829
8 0.483854 0.304780 0.161458 0.257305
8 0.516146 0.279451 0.161458 0.295926
7 0.758333 0.125218 0.064583 0.145957
8 0.742188 0.125218 0.096875 0.145957
1 0.790625 0.112679 0.064583 0.171035
9 0.839063 0.129231 0.096875 0.204139
9 0.855208 0.180140 0.129167 0.305958
9 0.871354 0.188667 0.161458 0.323011
9 0.903646 0.221520 0.161458 0.257305
