8 0.096354 0.619265 0.096875 0.230221
6 0.144792 0.542023 0.064583 0.080753
8 0.112500 0.618011 0.129167 0.232728
8 0.128646 0.600205 0.161458 0.268340
8 0.160938 0.472555 0.161458 0.296930
8 0.322396 0.378762 0.096875 0.124390
8 0.338542 0.378762 0.129167 0.124390
8 0.354687 0.308542 0.161458 0.264829
8 0.386979 0.304780 0.161458 0.257305
8 0.419271 0.279451 0.161458 0.295926
7 0.661458 0.125218 0.064583 0.145957
8 0.645312 0.125218 0.096875 0.145957
1 0.693750 0.112679 0.064583 0.171035
9 0.742188 0.129231 0.096875 0.204139
9 0.758333 0.180140 0.129167 0.305958
9 0.774479 0.188667 0.161458 0.323011
9 0.806771 0.221520 0.161458 0.257305
