0 0.080208 0.632197 0.064583 0.112683
9 0.160938 0.612939 0.096875 0.129553
9 0.177083 0.626308 0.129167 0.156292
6 0.241667 0.688061 0.064583 0.032786
6 0.273958 0.687106 0.064583 0.030876
6 0.338542 0.688538 0.064583 0.076395
4 0.386979 0.680421 0.032292 0.078623
6 0.370833 0.683922 0.064583 0.085626
8 0.354687 0.683922 0.096875 0.085626
1 0.403125 0.679148 0.064583 0.081170
3 0.386979 0.682649 0.096875 0.088173
6 0.500000 0.697451 0.064583 0.073849
8 0.548438 0.665779 0.096875 0.137193
6 0.596875 0.630287 0.064583 0.066209
8 0.709896 0.422747 0.096875 0.450731
7 0.822917 0.199451 0.064583 0.144832
1 0.855208 0.189105 0.064583 0.124142
