0 0.112500 0.211366 0.064583 0.259512
9 0.193229 0.159995 0.096875 0.288740
9 0.209375 0.185238 0.129167 0.339225
9 0.225521 0.185238 0.161458 0.339225
9 0.257812 0.228416 0.161458 0.252869
9 0.290104 0.228416 0.161458 0.252869
9 0.516146 0.331379 0.096875 0.192198
1 0.596875 0.447406 0.064583 0.183341
3 0.677604 0.542398 0.096875 0.146584
9 0.709896 0.575169 0.096875 0.206812
9 0.726042 0.582255 0.129167 0.220983
0 0.790625 0.674590 0.064583 0.074399
6 0.855208 0.648904 0.064583 0.078828
0 0.919792 0.696290 0.064583 0.076171
