6 0.047917 0.688061 0.064583 0.032786
6 0.080208 0.687106 0.064583 0.030876
6 0.144792 0.688538 0.064583 0.076395
4 0.193229 0.680421 0.032292 0.078623
6 0.177083 0.683922 0.064583 0.085626
8 0.160938 0.683922 0.096875 0.085626
1 0.209375 0.679148 0.064583 0.081170
3 0.193229 0.682649 0.096875 0.088173
6 0.306250 0.697451 0.064583 0.073849
8 0.354687 0.665779 0.096875 0.137193
6 0.403125 0.630287 0.064583 0.066209
8 0.516146 0.422747 0.096875 0.450731
7 0.629167 0.199451 0.064583 0.144832
1 0.661458 0.189105 0.064583 0.124142
2 0.806771 0.275050 0.096875 0.159793
