8 0.128646 0.588106 0.096875 0.173564
4 0.193229 0.595104 0.032292 0.121775
8 0.144792 0.588106 0.129167 0.173564
8 0.160938 0.490126 0.161458 0.369523
8 0.193229 0.484877 0.161458 0.359025
8 0.225521 0.449534 0.161458 0.412914
7 0.467708 0.234329 0.064583 0.203657
8 0.451562 0.234329 0.096875 0.203657
1 0.500000 0.216833 0.064583 0.238650
9 0.548438 0.239928 0.096875 0.284841
9 0.564583 0.310963 0.129167 0.426911
9 0.580729 0.322861 0.161458 0.450706
9 0.613021 0.368701 0.161458 0.359025
0 0.952083 0.162244 0.064583 0.283441
2 0.935937 0.162244 0.096875 0.283441
