4 0.096354 0.696885 0.032292 0.065892
8 0.064062 0.690258 0.096875 0.088234
8 0.080208 0.637242 0.129167 0.194267
8 0.096354 0.637242 0.161458 0.194267
8 0.128646 0.618118 0.161458 0.223426
6 0.241667 0.562072 0.064583 0.109820
8 0.354687 0.501671 0.096875 0.110198
1 0.403125 0.492204 0.064583 0.129133
9 0.451562 0.504701 0.096875 0.154126
9 0.467708 0.543138 0.129167 0.231000
9 0.483854 0.549575 0.161458 0.243875
9 0.516146 0.574379 0.161458 0.194267
6 0.693750 0.515683 0.064583 0.100352
0 0.855208 0.462666 0.064583 0.153369
2 0.839063 0.462666 0.096875 0.153369
8 0.903646 0.338078 0.096875 0.402545
8 0.919792 0.277488 0.129167 0.523726
