6 0.047917 0.626119 0.064583 0.068929
6 0.080208 0.641850 0.064583 0.031747
6 0.144792 0.694190 0.064583 0.080370
0 0.273958 0.569632 0.064583 0.101249
9 0.354687 0.552328 0.096875 0.116407
9 0.370833 0.564340 0.129167 0.140432
6 0.435417 0.619827 0.064583 0.029459
6 0.467708 0.618969 0.064583 0.027743
6 0.532292 0.620256 0.064583 0.068643
4 0.580729 0.612963 0.032292 0.070645
6 0.564583 0.616109 0.064583 0.076937
8 0.548438 0.616109 0.096875 0.076937
1 0.596875 0.611818 0.064583 0.072933
3 0.580729 0.614965 0.096875 0.079226
6 0.693750 0.628264 0.064583 0.066355
8 0.742188 0.599806 0.096875 0.123271
6 0.790625 0.567916 0.064583 0.059491
8 0.903646 0.381435 0.096875 0.404994
