6 0.047917 0.687104 0.064583 0.094541
8 0.064062 0.666258 0.096875 0.136234
8 0.080208 0.583167 0.129167 0.302415
8 0.225521 0.495966 0.096875 0.145629
8 0.241667 0.495966 0.129167 0.145629
8 0.257812 0.413756 0.161458 0.310049
8 0.290104 0.409352 0.161458 0.301241
8 0.322396 0.379698 0.161458 0.346456
7 0.564583 0.199129 0.064583 0.170879
8 0.548438 0.199129 0.096875 0.170879
1 0.596875 0.184449 0.064583 0.200240
9 0.645312 0.203827 0.096875 0.238996
9 0.661458 0.263429 0.129167 0.358200
9 0.677604 0.273412 0.161458 0.378166
9 0.709896 0.311874 0.161458 0.301241
