9 0.064062 0.612939 0.096875 0.129553
9 0.080208 0.626308 0.129167 0.156292
6 0.144792 0.688061 0.064583 0.032786
6 0.177083 0.687106 0.064583 0.030876
6 0.241667 0.688538 0.064583 0.076395
4 0.290104 0.680421 0.032292 0.078623
6 0.273958 0.683922 0.064583 0.085626
8 0.257812 0.683922 0.096875 0.085626
1 0.306250 0.679148 0.064583 0.081170
3 0.290104 0.682649 0.096875 0.088173
6 0.403125 0.697451 0.064583 0.073849
8 0.451562 0.665779 0.096875 0.137193
6 0.500000 0.630287 0.064583 0.066209
8 0.613021 0.422747 0.096875 0.450731
7 0.726042 0.199451 0.064583 0.144832
1 0.758333 0.189105 0.064583 0.124142
2 0.903646 0.275050 0.096875 0.159793
