9 0.096354 0.159995 0.096875 0.288740
9 0.112500 0.185238 0.129167 0.339225
9 0.128646 0.185238 0.161458 0.339225
9 0.160938 0.228416 0.161458 0.252869
9 0.193229 0.228416 0.161458 0.252869
9 0.419271 0.331379 0.096875 0.192198
1 0.500000 0.447406 0.064583 0.183341
3 0.580729 0.542398 0.096875 0.146584
9 0.613021 0.575169 0.096875 0.206812
9 0.629167 0.582255 0.129167 0.220983
0 0.693750 0.674590 0.064583 0.074399
6 0.758333 0.648904 0.064583 0.078828
0 0.822917 0.696290 0.064583 0.076171
0 0.919792 0.585798 0.064583 0.174927
