6 0.047917 0.694190 0.064583 0.080370
0 0.177083 0.569632 0.064583 0.101249
9 0.257812 0.552328 0.096875 0.116407
9 0.273958 0.564340 0.129167 0.140432
6 0.338542 0.619827 0.064583 0.029459
6 0.370833 0.618969 0.064583 0.027743
6 0.435417 0.620256 0.064583 0.068643
4 0.483854 0.612963 0.032292 0.070645
6 0.467708 0.616109 0.064583 0.076937
8 0.451562 0.616109 0.096875 0.076937
1 0.500000 0.611818 0.064583 0.072933
3 0.483854 0.614965 0.096875 0.079226
6 0.596875 0.628264 0.064583 0.066355
8 0.645312 0.599806 0.096875 0.123271
6 0.693750 0.567916 0.064583 0.059491
8 0.806771 0.381435 0.096875 0.404994
7 0.919792 0.180797 0.064583 0.130136
1 0.952083 0.171502 0.064583 0.111545
