6 0.047917 0.619403 0.064583 0.101036
4 0.193229 0.565401 0.032292 0.098249
8 0.160938 0.563833 0.096875 0.101385
1 0.209375 0.555123 0.064583 0.118805
9 0.257812 0.566620 0.096875 0.141799
9 0.273958 0.601983 0.129167 0.212524
9 0.290104 0.607906 0.161458 0.224370
9 0.322396 0.630726 0.161458 0.178729
6 0.500000 0.576724 0.064583 0.092326
0 0.661458 0.527948 0.064583 0.141102
2 0.645312 0.527948 0.096875 0.141102
8 0.709896 0.413324 0.096875 0.370350
8 0.726042 0.357580 0.129167 0.481838
9 0.839063 0.173799 0.096875 0.316347
9 0.855208 0.211078 0.129167 0.390905
