8 0.128646 0.310761 0.096875 0.154998
0 0.209375 0.217716 0.064583 0.267931
9 0.290104 0.164679 0.096875 0.298107
9 0.306250 0.190740 0.129167 0.350231
9 0.322396 0.190740 0.161458 0.350231
9 0.354687 0.235319 0.161458 0.261073
9 0.386979 0.235319 0.161458 0.261073
9 0.613021 0.341623 0.096875 0.198434
1 0.693750 0.461415 0.064583 0.189289
6 0.726042 0.461415 0.064583 0.189289
3 0.774479 0.559488 0.096875 0.151340
9 0.806771 0.593323 0.096875 0.213522
9 0.822917 0.600638 0.129167 0.228153
0 0.887500 0.695968 0.064583 0.076813
6 0.952083 0.669450 0.064583 0.081385
