0 0.047917 0.482267 0.064583 0.206050
8 0.096354 0.370152 0.096875 0.396343
8 0.112500 0.324700 0.129167 0.487247
0 0.241667 0.296822 0.064583 0.176960
1 0.306250 0.172586 0.064583 0.294530
0 0.435417 0.348335 0.064583 0.180597
8 0.483854 0.304701 0.096875 0.267865
9 0.580729 0.307731 0.096875 0.504216
9 0.596875 0.307731 0.129167 0.504216
9 0.613021 0.328942 0.161458 0.546638
0 0.693750 0.532567 0.064583 0.139387
2 0.839063 0.616805 0.096875 0.235139
8 0.871354 0.485297 0.096875 0.498155
8 0.887500 0.443481 0.129167 0.581787
1 0.952083 0.198646 0.064583 0.366041
