6 0.080208 0.696234 0.064583 0.040119
8 0.290104 0.476851 0.096875 0.212743
8 0.306250 0.473037 0.129167 0.220372
8 0.322396 0.473037 0.161458 0.220372
8 0.354687 0.435178 0.161458 0.144654
8 0.386979 0.431082 0.161458 0.136461
1 0.467708 0.452695 0.064583 0.093234
3 0.451562 0.445914 0.096875 0.106795
2 0.548438 0.450152 0.096875 0.109056
8 0.580729 0.443654 0.096875 0.122052
8 0.709896 0.307335 0.096875 0.174319
2 0.806771 0.138948 0.096875 0.246647
5 0.839063 0.103350 0.032292 0.175450
3 0.871354 0.148978 0.096875 0.266706
5 0.903646 0.181751 0.032292 0.077413
2 0.935937 0.181751 0.096875 0.077413
