0 0.144792 0.348335 0.064583 0.180597
8 0.193229 0.304701 0.096875 0.267865
9 0.290104 0.307731 0.096875 0.504216
9 0.306250 0.307731 0.129167 0.504216
9 0.322396 0.328942 0.161458 0.546638
0 0.403125 0.532567 0.064583 0.139387
2 0.548438 0.616805 0.096875 0.235139
8 0.580729 0.485297 0.096875 0.498155
8 0.596875 0.443481 0.129167 0.581787
1 0.661458 0.198646 0.064583 0.366041
1 0.726042 0.266521 0.064583 0.189081
1 0.790625 0.350153 0.064583 0.147871
6 0.919792 0.525901 0.064583 0.092116
9 0.935937 0.494994 0.096875 0.153931
