6 0.047917 0.520089 0.064583 0.082589
1 0.209375 0.645647 0.064583 0.092634
3 0.290104 0.645647 0.096875 0.150670
6 0.338542 0.650112 0.064583 0.059152
6 0.370833 0.648438 0.064583 0.055804
6 0.403125 0.647321 0.064583 0.062500
1 0.435417 0.627232 0.064583 0.116071
2 0.483854 0.642299 0.096875 0.146205
8 0.516146 0.643415 0.096875 0.143973
8 0.532292 0.642857 0.129167 0.145089
3 0.580729 0.607701 0.096875 0.074777
0 0.661458 0.674665 0.064583 0.119420
7 0.887500 0.292411 0.064583 0.220982
0 0.919792 0.197545 0.064583 0.189732
