9 0.096354 0.307731 0.096875 0.504216
9 0.112500 0.307731 0.129167 0.504216
9 0.128646 0.328942 0.161458 0.546638
0 0.209375 0.532567 0.064583 0.139387
2 0.354687 0.616805 0.096875 0.235139
8 0.386979 0.485297 0.096875 0.498155
8 0.403125 0.443481 0.129167 0.581787
1 0.467708 0.198646 0.064583 0.366041
1 0.532292 0.266521 0.064583 0.189081
1 0.596875 0.350153 0.064583 0.147871
6 0.726042 0.525901 0.064583 0.092116
9 0.742188 0.494994 0.096875 0.153931
9 0.758333 0.510750 0.129167 0.185445
2 0.839063 0.550142 0.096875 0.111509
8 0.871354 0.524689 0.096875 0.162416
8 0.887500 0.505296 0.129167 0.201201
