6 0.047917 0.701641 0.064583 0.065468
2 0.128646 0.674518 0.096875 0.086980
6 0.209375 0.645993 0.064583 0.083238
3 0.257812 0.635939 0.096875 0.103347
6 0.306250 0.634068 0.064583 0.057519
2 0.322396 0.623780 0.096875 0.078095
6 0.467708 0.567431 0.064583 0.066404
8 0.677604 0.204314 0.096875 0.352127
8 0.693750 0.198001 0.129167 0.364753
8 0.709896 0.198001 0.161458 0.364753
8 0.742188 0.135339 0.161458 0.239427
8 0.774479 0.128558 0.161458 0.225866
1 0.855208 0.164332 0.064583 0.154319
3 0.839063 0.153109 0.096875 0.176765
2 0.935937 0.160123 0.096875 0.180506
