8 0.193229 0.506776 0.096875 0.226546
8 0.209375 0.502714 0.129167 0.234669
8 0.225521 0.502714 0.161458 0.234669
8 0.257812 0.462399 0.161458 0.154039
8 0.290104 0.458037 0.161458 0.145315
1 0.370833 0.481052 0.064583 0.099283
3 0.354687 0.473832 0.096875 0.113724
2 0.451562 0.478345 0.096875 0.116131
8 0.483854 0.471425 0.096875 0.129971
8 0.613021 0.326261 0.096875 0.185629
2 0.709896 0.146950 0.096875 0.262649
5 0.742188 0.109041 0.032292 0.186833
3 0.774479 0.157630 0.096875 0.284010
5 0.806771 0.192530 0.032292 0.082435
2 0.839063 0.192530 0.096875 0.082435
1 0.887500 0.207272 0.064583 0.140200
9 0.935937 0.279628 0.096875 0.284913
