0 0.047917 0.348335 0.064583 0.180597
8 0.096354 0.304701 0.096875 0.267865
9 0.193229 0.307731 0.096875 0.504216
9 0.209375 0.307731 0.129167 0.504216
9 0.225521 0.328942 0.161458 0.546638
0 0.306250 0.532567 0.064583 0.139387
2 0.451562 0.616805 0.096875 0.235139
8 0.483854 0.485297 0.096875 0.498155
8 0.500000 0.443481 0.129167 0.581787
1 0.564583 0.198646 0.064583 0.366041
1 0.629167 0.266521 0.064583 0.189081
1 0.693750 0.350153 0.064583 0.147871
6 0.822917 0.525901 0.064583 0.092116
9 0.839063 0.494994 0.096875 0.153931
9 0.855208 0.510750 0.129167 0.185445
2 0.935937 0.550142 0.096875 0.111509
