0 0.047917 0.296822 0.064583 0.176960
1 0.112500 0.172586 0.064583 0.294530
0 0.241667 0.348335 0.064583 0.180597
8 0.290104 0.304701 0.096875 0.267865
9 0.386979 0.307731 0.096875 0.504216
9 0.403125 0.307731 0.129167 0.504216
9 0.419271 0.328942 0.161458 0.546638
0 0.500000 0.532567 0.064583 0.139387
2 0.645312 0.616805 0.096875 0.235139
8 0.677604 0.485297 0.096875 0.498155
8 0.693750 0.443481 0.129167 0.581787
1 0.758333 0.198646 0.064583 0.366041
1 0.822917 0.266521 0.064583 0.189081
1 0.887500 0.350153 0.064583 0.147871
