6 0.047917 0.617976 0.064583 0.082320
1 0.112500 0.664005 0.064583 0.073468
3 0.193229 0.664005 0.096875 0.119497
6 0.241667 0.667545 0.064583 0.046913
6 0.273958 0.666218 0.064583 0.044258
6 0.306250 0.665332 0.064583 0.049569
1 0.338542 0.649400 0.064583 0.092057
2 0.386979 0.661349 0.096875 0.115956
8 0.419271 0.662234 0.096875 0.114186
8 0.435417 0.661792 0.129167 0.115071
3 0.483854 0.633909 0.096875 0.059306
0 0.564583 0.687019 0.064583 0.094712
6 0.629167 0.646744 0.064583 0.056650
0 0.822917 0.308613 0.064583 0.150477
8 0.871354 0.226736 0.096875 0.289447
8 0.887500 0.193542 0.129167 0.355834
