6 0.080208 0.712864 0.064583 0.035540
6 0.112500 0.712864 0.064583 0.035540
6 0.144792 0.701641 0.064583 0.065468
2 0.225521 0.674518 0.096875 0.086980
6 0.306250 0.645993 0.064583 0.083238
3 0.354687 0.635939 0.096875 0.103347
6 0.403125 0.634068 0.064583 0.057519
2 0.419271 0.623780 0.096875 0.078095
6 0.564583 0.567431 0.064583 0.066404
8 0.774479 0.204314 0.096875 0.352127
8 0.790625 0.198001 0.129167 0.364753
8 0.806771 0.198001 0.161458 0.364753
8 0.839063 0.135339 0.161458 0.239427
8 0.871354 0.128558 0.161458 0.225866
1 0.952083 0.164332 0.064583 0.154319
3 0.935937 0.153109 0.096875 0.176765
