2 0.064062 0.616805 0.096875 0.235139
8 0.096354 0.485297 0.096875 0.498155
8 0.112500 0.443481 0.129167 0.581787
1 0.177083 0.198646 0.064583 0.366041
1 0.241667 0.266521 0.064583 0.189081
1 0.306250 0.350153 0.064583 0.147871
6 0.435417 0.525901 0.064583 0.092116
9 0.451562 0.494994 0.096875 0.153931
9 0.467708 0.510750 0.129167 0.185445
2 0.548438 0.550142 0.096875 0.111509
8 0.580729 0.524689 0.096875 0.162416
8 0.596875 0.505296 0.129167 0.201201
8 0.742188 0.392575 0.096875 0.198777
8 0.903646 0.370758 0.096875 0.361193
8 0.919792 0.338638 0.129167 0.425432
