3 0.064062 0.697554 0.096875 0.073641
6 0.112500 0.696222 0.064583 0.040986
2 0.128646 0.688891 0.096875 0.055647
6 0.273958 0.648738 0.064583 0.047317
8 0.483854 0.389995 0.096875 0.250913
8 0.500000 0.385496 0.129167 0.259910
8 0.516146 0.385496 0.161458 0.259910
8 0.548438 0.340845 0.161458 0.170607
8 0.580729 0.336014 0.161458 0.160944
1 0.661458 0.361505 0.064583 0.109962
3 0.645312 0.353507 0.096875 0.125956
2 0.742188 0.358506 0.096875 0.128622
8 0.774479 0.350842 0.096875 0.143950
8 0.903646 0.190064 0.096875 0.205595
