3 0.096354 0.664005 0.096875 0.119497
6 0.144792 0.667545 0.064583 0.046913
6 0.177083 0.666218 0.064583 0.044258
6 0.209375 0.665332 0.064583 0.049569
1 0.241667 0.649400 0.064583 0.092057
2 0.290104 0.661349 0.096875 0.115956
8 0.322396 0.662234 0.096875 0.114186
8 0.338542 0.661792 0.129167 0.115071
3 0.386979 0.633909 0.096875 0.059306
0 0.467708 0.687019 0.064583 0.094712
6 0.532292 0.646744 0.064583 0.056650
0 0.726042 0.308613 0.064583 0.150477
8 0.774479 0.226736 0.096875 0.289447
8 0.790625 0.193542 0.129167 0.355834
0 0.919792 0.173183 0.064583 0.129233
