6 0.112500 0.665795 0.064583 0.079267
3 0.160938 0.656221 0.096875 0.098416
6 0.209375 0.654440 0.064583 0.054775
2 0.225521 0.644643 0.096875 0.074369
6 0.370833 0.590981 0.064583 0.063236
8 0.580729 0.245189 0.096875 0.335328
8 0.596875 0.239177 0.129167 0.347351
8 0.613021 0.239177 0.161458 0.347351
8 0.645312 0.179504 0.161458 0.228005
8 0.677604 0.173046 0.161458 0.215091
1 0.758333 0.207114 0.064583 0.146956
3 0.742188 0.196426 0.096875 0.168332
2 0.839063 0.203106 0.096875 0.171894
8 0.871354 0.192863 0.096875 0.192379
7 0.919792 0.137421 0.064583 0.081494
