6 0.047917 0.671128 0.064583 0.044398
6 0.080208 0.669872 0.064583 0.041885
6 0.112500 0.669034 0.064583 0.046911
1 0.144792 0.653955 0.064583 0.087121
2 0.193229 0.665264 0.096875 0.109739
8 0.225521 0.666102 0.096875 0.108064
8 0.241667 0.665683 0.129167 0.108902
3 0.290104 0.639296 0.096875 0.056126
0 0.370833 0.689558 0.064583 0.089634
6 0.435417 0.651442 0.064583 0.053613
0 0.629167 0.331439 0.064583 0.142410
8 0.677604 0.253952 0.096875 0.273929
8 0.693750 0.222538 0.129167 0.336757
0 0.822917 0.203271 0.064583 0.122305
1 0.887500 0.117406 0.064583 0.203562
